"TOA5","1001_CR6","CR6","2605","CR6.Std.03","CPU:CR6_METandSF_WR Update_20151217.CR6","63039","Hour"
"TIMESTAMP","RECORD","WS6m_ms_S_WVT","WD_6m_D1_WVT","WD_6m_SD1_WVT","WS_2m_Avg","WS_0m_Avg","BattV_Avg","site","snstsnmbr","sensitpc_Tot"
"TS","RN","meters/second","Deg","Deg","meters/second","meters/second","Volts","","",""
"","","WVc","WVc","WVc","Avg","Avg","Avg","Smp","Smp","Tot"
"2016-02-09 11:00:00",836,1.824,298.7,36.53,1.766,1.348,13.6,1001,1623,0
"2016-02-09 12:00:00",837,3.148,143.8,6.542,3.125,2.43,13.5,1001,1623,0
"2016-02-09 13:00:00",838,4.057,149,5.75,3.824,2.951,13.56,1001,1623,0
"2016-02-09 14:00:00",839,4.565,150.9,5.124,4.108,3.084,13.57,1001,1623,0
"2016-02-09 15:00:00",840,4.543,152.3,5.742,3.839,2.837,13.58,1001,1623,0
"2016-02-09 16:00:00",841,4.194,146.5,5.067,3.35,2.522,13.58,1001,1623,0
"2016-02-09 17:00:00",842,3.717,146.2,3.845,2.583,1.867,13.54,1001,1623,0
"2016-02-09 18:00:00",843,2.012,79.87,19.42,1.172,0.583,12.91,1001,1623,0
"2016-02-09 19:00:00",844,1.242,53.36,22.68,1.083,0.329,12.84,1001,1623,0
"2016-02-09 20:00:00",845,2.275,247.5,19.77,1.492,0.587,12.81,1001,1623,0
"2016-02-09 21:00:00",846,2.37,313.9,12.29,1.517,0.59,12.79,1001,1623,0
"2016-02-09 22:00:00",847,3.097,341.2,8.29,1.981,1.057,12.79,1001,1623,0
"2016-02-09 23:00:00",848,1.982,292.9,28.29,1.397,0.632,12.75,1001,1623,0
"2016-02-10 00:00:00",849,2.301,295.9,7.708,1.552,0.599,12.74,1001,1623,0
"2016-02-10 01:00:00",850,2.465,313.4,20.82,1.728,0.86,12.72,1001,1623,0
"2016-02-10 02:00:00",851,1.711,317.8,33.4,1.317,0.56,12.71,1001,1623,0
"2016-02-10 03:00:00",852,2.517,324.7,14.52,1.778,0.786,12.68,1001,1623,0
"2016-02-10 04:00:00",853,1.373,311.5,28.3,1.146,0.389,12.67,1001,1623,0
"2016-02-10 05:00:00",854,3.241,334,6.133,2.17,1.177,12.64,1001,1623,0
"2016-02-10 06:00:00",855,3.082,323.8,6.063,2.039,1.158,12.64,1001,1623,0
"2016-02-10 07:00:00",856,3.362,307.7,4.878,2.291,1.382,12.68,1001,1623,0
"2016-02-10 08:00:00",857,1.716,1.894,21.85,1.41,0.852,13.68,1001,1623,0
"2016-02-10 09:00:00",858,1.368,86.5,35.66,1.441,1.057,14.32,1001,1623,0
"2016-02-10 10:00:00",859,1.358,150,25.85,1.414,1.109,14.15,1001,1623,0
"2016-02-10 11:00:00",860,2.495,127.2,10.56,2.468,1.721,13.75,1001,1623,0
"2016-02-10 12:00:00",861,3.243,134.7,5.355,3.199,2.383,13.74,1001,1623,0
"2016-02-10 13:00:00",862,2.747,140.1,6.063,2.725,2.063,13.76,1001,1623,0
"2016-02-10 14:00:00",863,2.637,122.4,8.17,2.572,1.72,13.68,1001,1623,0
"2016-02-10 15:00:00",864,2.709,106.6,8.55,2.598,1.375,13.59,1001,1623,0
"2016-02-10 16:00:00",865,2.278,129.2,8.28,2.239,1.414,13.57,1001,1623,0
"2016-02-10 17:00:00",866,1.152,179.9,10.47,1.105,0.706,13.64,1001,1623,0
"2016-02-10 18:00:00",867,1.785,231.6,11.61,1.314,0.193,12.95,1001,1623,0
"2016-02-10 19:00:00",868,1.922,298.7,6.571,1.318,0.208,12.85,1001,1623,0
"2016-02-10 20:00:00",869,2.148,320.2,9.24,1.301,0.404,12.82,1001,1623,0
"2016-02-10 21:00:00",870,2.571,311.3,9.3,1.639,0.752,12.79,1001,1623,0
"2016-02-10 22:00:00",871,2.305,304.2,8.14,1.33,0.396,12.79,1001,1623,0
"2016-02-10 23:00:00",872,2.933,326,8.46,1.894,0.952,12.77,1001,1623,0
"2016-02-11 00:00:00",873,3.474,306.7,5.147,2.108,1.15,12.76,1001,1623,0
"2016-02-11 01:00:00",874,3.215,310.1,5.808,2.033,1.111,12.73,1001,1623,0
"2016-02-11 02:00:00",875,3.999,316.7,6.058,2.783,1.655,12.72,1001,1623,0
"2016-02-11 03:00:00",876,3.162,313.7,4.969,2.102,1.186,12.71,1001,1623,0
"2016-02-11 04:00:00",877,1.74,339.4,16.22,1.082,0.415,12.68,1001,1623,0
"2016-02-11 05:00:00",878,2.23,321.2,10.56,1.435,0.392,12.66,1001,1623,0
"2016-02-11 06:00:00",879,2.592,322.5,6.485,1.681,0.715,12.64,1001,1623,0
"2016-02-11 07:00:00",880,2.723,315.2,9.69,1.831,0.992,12.68,1001,1623,0
"2016-02-11 08:00:00",881,2.333,351,12.96,1.955,1.3,13.68,1001,1623,0
"2016-02-11 09:00:00",882,1.674,314.1,18.32,1.611,1.135,14.35,1001,1623,0
"2016-02-11 10:00:00",883,1.279,93.5,43.02,1.292,0.968,14.15,1001,1623,0
"2016-02-11 11:00:00",884,2.331,97.9,12.95,2.259,1.414,13.72,1001,1623,0
"2016-02-11 12:00:00",885,3.281,125,7.342,3.188,2.112,13.69,1001,1623,0
"2016-02-11 13:00:00",886,3.369,134.6,6.179,3.294,2.478,13.72,1001,1623,0
"2016-02-11 14:00:00",887,2.746,137.7,7.871,2.685,1.962,13.7,1001,1623,0
"2016-02-11 15:00:00",888,2.285,157.4,6.712,2.285,1.737,13.64,1001,1623,0
"2016-02-11 16:00:00",889,2.216,146.9,6.018,2.205,1.738,13.65,1001,1623,0
"2016-02-11 17:00:00",890,1.759,96.1,9.53,1.561,1.097,13.63,1001,1623,0
"2016-02-11 18:00:00",891,1.779,263.5,21.69,1.551,0.666,12.93,1001,1623,0
"2016-02-11 19:00:00",892,2.023,280.3,8.79,1.42,0.276,12.85,1001,1623,0
"2016-02-11 20:00:00",893,2.254,320.8,8.12,1.326,0.31,12.82,1001,1623,0
"2016-02-11 21:00:00",894,2.619,309.3,4.557,1.612,0.723,12.79,1001,1623,0
"2016-02-11 22:00:00",895,1.895,314.8,5.116,0.932,0.108,12.79,1001,1623,0
"2016-02-11 23:00:00",896,3.25,326.6,3.448,2.088,1.079,12.77,1001,1623,0
"2016-02-12 00:00:00",897,3.848,308.1,3.191,2.383,1.369,12.75,1001,1623,0
"2016-02-12 01:00:00",898,3.512,308.1,3.449,2.226,1.303,12.73,1001,1623,0
"2016-02-12 02:00:00",899,3.449,299.5,3.529,2.013,1.119,12.71,1001,1623,0
"2016-02-12 03:00:00",900,2.852,306.8,6.19,1.738,0.804,12.7,1001,1623,0
"2016-02-12 04:00:00",901,2.172,325.3,12.44,1.512,0.663,12.68,1001,1623,0
"2016-02-12 05:00:00",902,1.64,7.33,9.89,1.406,0.405,12.65,1001,1623,0
"2016-02-12 06:00:00",903,2.323,298.7,11.13,1.485,0.629,12.64,1001,1623,0
"2016-02-12 07:00:00",904,2.227,300.5,4.382,1.441,0.575,12.68,1001,1623,0
"2016-02-12 08:00:00",905,2.582,328.7,5.163,2.075,1.304,13.71,1001,1623,0
"2016-02-12 09:00:00",906,2.573,334.4,8.67,2.451,1.697,14.38,1001,1623,0
"2016-02-12 10:00:00",907,2.152,340.5,14.04,2.057,1.509,14.17,1001,1623,0
"2016-02-12 11:00:00",908,2.193,322.6,21.75,2.087,1.538,13.66,1001,1623,0
"2016-02-12 12:00:00",909,3.181,138,6.759,3.145,2.44,13.58,1001,1623,0
"2016-02-12 13:00:00",910,4.559,139.2,4.868,4.446,3.325,13.65,1001,1623,0
"2016-02-12 14:00:00",911,4.272,131.5,5.887,4.118,2.876,13.71,1001,1623,0
"2016-02-12 15:00:00",912,3.285,134.9,7.948,3.175,2.268,13.67,1001,1623,0
"2016-02-12 16:00:00",913,2.52,134.6,7.98,2.438,1.764,13.64,1001,1623,0
"2016-02-12 17:00:00",914,0.739,189.9,13.33,0.792,0.533,13.63,1001,1623,0
"2016-02-12 18:00:00",915,0.634,298.1,21.9,0.993,0.135,12.93,1001,1623,0
"2016-02-12 19:00:00",916,2.269,323.9,9.58,1.62,0.545,12.86,1001,1623,0
"2016-02-12 20:00:00",917,2.736,312,4.232,1.652,0.619,12.82,1001,1623,0
"2016-02-12 21:00:00",918,2.536,314.3,6.85,1.598,0.538,12.79,1001,1623,0
"2016-02-12 22:00:00",919,2.582,323.5,4.998,1.653,0.737,12.79,1001,1623,0
"2016-02-12 23:00:00",920,3.147,311.5,2.126,1.853,0.796,12.77,1001,1623,0
"2016-02-13 00:00:00",921,3.734,305.2,2.73,2.356,1.338,12.75,1001,1623,0
"2016-02-13 01:00:00",922,2.502,302.8,5.686,1.329,0.293,12.73,1001,1623,0
"2016-02-13 02:00:00",923,1.823,312.9,9.19,0.927,0.22,12.71,1001,1623,0
"2016-02-13 03:00:00",924,1.51,320.3,11.42,0.85,0.108,12.69,1001,1623,0
"2016-02-13 04:00:00",925,1.991,301.6,7.569,1.293,0.227,12.67,1001,1623,0
"2016-02-13 05:00:00",926,2.512,312.7,4.931,1.707,0.566,12.64,1001,1623,0
"2016-02-13 06:00:00",927,2.784,328.2,5.41,2.016,0.829,12.63,1001,1623,0
"2016-02-13 07:00:00",928,1.709,328.9,14.82,1.437,0.465,12.68,1001,1623,0
"2016-02-13 08:00:00",929,1.869,323.8,13.43,1.464,0.902,13.73,1001,1623,0
"2016-02-13 09:00:00",930,1.684,297.7,14.88,1.548,1.104,14.35,1001,1623,0
"2016-02-13 10:00:00",931,1.483,317.9,49.17,1.427,1.066,14.14,1001,1623,0
"2016-02-13 11:00:00",932,2.649,128.1,9.79,2.583,1.77,13.76,1001,1623,0
"2016-02-13 12:00:00",933,2.749,137.7,6.727,2.702,2.065,13.74,1001,1623,0
"2016-02-13 13:00:00",934,3.911,136.9,5.682,3.784,2.782,13.72,1001,1623,0
"2016-02-13 14:00:00",935,3.122,133.8,7.386,3.04,2.216,13.71,1001,1623,0
"2016-02-13 15:00:00",936,2.053,167.5,10.82,1.999,1.559,13.63,1001,1623,0
"2016-02-13 16:00:00",937,1.826,158.6,7.939,1.788,1.369,13.6,1001,1623,0
"2016-02-13 17:00:00",938,0.973,173.6,12.07,0.841,0.445,13.61,1001,1623,0
"2016-02-13 18:00:00",939,0.972,243.3,26.28,0.848,0.127,12.96,1001,1623,0
"2016-02-13 19:00:00",940,2.433,314.2,11.38,1.666,0.634,12.86,1001,1623,0
"2016-02-13 20:00:00",941,2.5,342.5,26.65,1.758,0.865,12.83,1001,1623,0
"2016-02-13 21:00:00",942,2.193,283.7,10.81,1.71,0.774,12.8,1001,1623,0
"2016-02-13 22:00:00",943,2.077,302.2,20.9,1.663,0.731,12.79,1001,1623,0
"2016-02-13 23:00:00",944,2.918,297.4,11.29,1.901,0.904,12.78,1001,1623,0
"2016-02-14 00:00:00",945,2.325,315.5,16.8,1.517,0.652,12.75,1001,1623,0
"2016-02-14 01:00:00",946,3.518,316.2,7.005,2.198,1.126,12.73,1001,1623,0
"2016-02-14 02:00:00",947,3.699,294.2,4.614,2.399,1.325,12.71,1001,1623,0
"2016-02-14 03:00:00",948,4.078,303.2,6.269,2.749,1.627,12.71,1001,1623,0
"2016-02-14 04:00:00",949,3.725,302.5,4.625,2.485,1.439,12.68,1001,1623,0
"2016-02-14 05:00:00",950,4.005,319.3,6.932,2.677,1.538,12.66,1001,1623,0
"2016-02-14 06:00:00",951,4.473,310.2,5.681,3.107,1.854,12.64,1001,1623,0
"2016-02-14 07:00:00",952,4.094,316.9,18.64,3.057,1.862,12.7,1001,1623,0
"2016-02-14 08:00:00",953,2.128,274,22.75,1.664,0.974,13.62,1001,1623,0
"2016-02-14 09:00:00",954,3.016,320.3,11.13,2.706,1.79,14.21,1001,1623,0
"2016-02-14 10:00:00",955,3.53,334.2,10.79,3.312,2.256,14.05,1001,1623,0
"2016-02-14 11:00:00",956,3.12,312.2,16.98,2.887,1.991,13.59,1001,1623,0
"2016-02-14 12:00:00",957,2.847,145.1,28.62,2.797,2.142,13.44,1001,1623,0
"2016-02-14 13:00:00",958,3.935,136.9,9.9,3.765,2.574,13.49,1001,1623,0
"2016-02-14 14:00:00",959,3.014,121,26.55,2.952,1.891,13.49,1001,1623,0
"2016-02-14 15:00:00",960,5.312,17.02,48.4,4.809,3.193,13.46,1001,1623,0
"2016-02-14 16:00:00",961,6.222,340,9.93,5.575,3.643,13.42,1001,1623,0
"2016-02-14 17:00:00",962,4.646,327.3,7.184,4.009,2.584,13.45,1001,1623,0
"2016-02-14 18:00:00",963,3.238,342.3,12.53,2.425,1.473,12.96,1001,1623,0
"2016-02-14 19:00:00",964,3.895,324.5,7.181,2.808,1.679,12.86,1001,1623,0
"2016-02-14 20:00:00",965,3.866,327.6,6.738,2.851,1.704,12.83,1001,1623,0
"2016-02-14 21:00:00",966,3.769,332.5,6.384,2.852,1.75,12.82,1001,1623,0
"2016-02-14 22:00:00",967,4.081,339.7,5.369,2.901,1.747,12.79,1001,1623,0
"2016-02-14 23:00:00",968,4.543,338.7,5.359,3.571,2.249,12.78,1001,1623,0
"2016-02-15 00:00:00",969,4.089,333.4,8.6,3.092,1.888,12.77,1001,1623,0
"2016-02-15 01:00:00",970,3.386,357.1,11.31,2.484,1.45,12.75,1001,1623,0
"2016-02-15 02:00:00",971,3.624,351,8.34,2.596,1.516,12.74,1001,1623,0
"2016-02-15 03:00:00",972,4.644,1.855,6.086,3.583,2.276,12.72,1001,1623,0
"2016-02-15 04:00:00",973,3.965,360,4.812,2.866,1.708,12.71,1001,1623,0
"2016-02-15 05:00:00",974,4.194,1.285,7.805,3.131,1.935,12.7,1001,1623,0
"2016-02-15 06:00:00",975,4.189,6.071,9.76,3.176,1.996,12.68,1001,1623,0
"2016-02-15 07:00:00",976,2.637,328.7,31.41,1.959,1.087,12.73,1001,1623,0
"2016-02-15 08:00:00",977,3.316,324.9,20,2.649,1.712,13.51,1001,1623,0
"2016-02-15 09:00:00",978,2.373,333.6,16.9,2.129,1.502,14.05,1001,1623,0
"2016-02-15 10:00:00",979,3.289,0.692,41.57,3.096,2.187,13.91,1001,1623,0
"2016-02-15 11:00:00",980,3.806,150.6,7.592,3.605,2.67,13.59,1001,1623,0
"2016-02-15 12:00:00",981,4.329,150,5.86,4.035,2.996,13.5,1001,1623,0
"2016-02-15 13:00:00",982,4.249,139.3,7.095,4.051,2.975,13.49,1001,1623,0
"2016-02-15 14:00:00",983,3.168,158.1,12.72,3.04,2.293,13.48,1001,1623,0
"2016-02-15 15:00:00",984,3.721,322.3,28.44,3.429,2.353,13.43,1001,1623,0
"2016-02-15 16:00:00",985,3.798,325.9,13.93,3.476,2.328,13.4,1001,1623,0
"2016-02-15 17:00:00",986,3.364,326.9,30.96,2.975,1.937,13.41,1001,1623,0
"2016-02-15 18:00:00",987,2.375,88.3,11.97,1.829,1.097,12.94,1001,1623,0
"2016-02-15 19:00:00",988,2.022,192.7,16.38,1.467,0.676,12.86,1001,1623,0
"2016-02-15 20:00:00",989,2.673,296.8,10.03,1.791,0.822,12.83,1001,1623,0
"2016-02-15 21:00:00",990,3.225,326.9,7.005,2.063,1.043,12.8,1001,1623,0
"2016-02-15 22:00:00",991,2.739,335.6,7.923,1.886,0.811,12.79,1001,1623,0
"2016-02-15 23:00:00",992,3.833,308.8,4.785,2.472,1.393,12.78,1001,1623,0
"2016-02-16 00:00:00",993,3.185,311.9,11.28,2.136,1.02,12.76,1001,1623,0
"2016-02-16 01:00:00",994,3.452,301.1,24.4,2.518,1.437,12.74,1001,1623,0
"2016-02-16 02:00:00",995,2.861,284.8,9.36,1.98,0.967,12.72,1001,1623,0
"2016-02-16 03:00:00",996,3.074,271,16.5,2.029,1.017,12.71,1001,1623,0
"2016-02-16 04:00:00",997,2.607,332.6,27,1.956,1.046,12.69,1001,1623,0
"2016-02-16 05:00:00",998,1.254,2.479,31.91,0.965,0.251,12.67,1001,1623,0
"2016-02-16 06:00:00",999,1.93,330.1,15.29,1.531,0.646,12.65,1001,1623,0
"2016-02-16 07:00:00",1000,1.903,266,31.62,1.615,0.801,12.71,1001,1623,0
"2016-02-16 08:00:00",1001,2.143,332.4,18.55,1.811,1.242,13.7,1001,1623,0
"2016-02-16 09:00:00",1002,3.021,332.3,22.13,2.777,1.845,14.23,1001,1623,0
"2016-02-16 10:00:00",1003,2.226,254.7,41.6,2.114,1.571,14.04,1001,1623,0
"2016-02-16 11:00:00",1004,2.483,153.3,27.13,2.425,1.713,13.52,1001,1623,0
"2016-02-16 12:00:00",1005,3.313,142.4,7.488,3.298,2.507,13.51,1001,1623,0
"2016-02-16 13:00:00",1006,3.506,127.7,7.695,3.421,2.287,13.53,1001,1623,0
"2016-02-16 14:00:00",1007,3.946,127.9,7.067,3.806,2.558,13.49,1001,1623,0
"2016-02-16 15:00:00",1008,4.625,124.3,5.83,4.364,2.707,13.51,1001,1623,0
"2016-02-16 16:00:00",1009,4.513,121.8,5.273,4.172,2.478,13.55,1001,1623,0
"2016-02-16 17:00:00",1010,3.252,139.3,11.25,2.824,1.962,13.58,1001,1623,0
"2016-02-16 18:00:00",1011,3.071,111.2,8.05,2.203,1.196,12.96,1001,1623,0
"2016-02-16 19:00:00",1012,1.762,100.8,54.45,1.528,0.88,12.86,1001,1623,0
"2016-02-16 20:00:00",1013,1.786,268.8,10.69,1.282,0.362,12.83,1001,1623,0
"2016-02-16 21:00:00",1014,2.112,316.9,7.975,1.316,0.418,12.8,1001,1623,0
"2016-02-16 22:00:00",1015,1.601,332.2,11.18,1.272,0.32,12.79,1001,1623,0
"2016-02-16 23:00:00",1016,3.011,311.2,4.692,2.071,1.144,12.78,1001,1623,0
"2016-02-17 00:00:00",1017,2.397,301.4,11.48,1.419,0.667,12.75,1001,1623,0
"2016-02-17 01:00:00",1018,1.536,313.5,15.22,1.399,0.56,12.73,1001,1623,0
"2016-02-17 02:00:00",1019,2.51,294.1,5.862,1.516,0.595,12.71,1001,1623,0
"2016-02-17 03:00:00",1020,2.472,318.6,9.87,1.583,0.678,12.7,1001,1623,0
"2016-02-17 04:00:00",1021,2.411,309.1,8.16,1.389,0.412,12.68,1001,1623,0
"2016-02-17 05:00:00",1022,1.472,8.78,16.25,1.228,0.462,12.64,1001,1623,0
"2016-02-17 06:00:00",1023,1.751,315.9,20.62,1.277,0.481,12.63,1001,1623,0
"2016-02-17 07:00:00",1024,1.645,311.4,19.05,0.933,0.363,12.7,1001,1623,0
"2016-02-17 08:00:00",1025,1.997,347.6,13.86,1.711,1.176,13.73,1001,1623,0
"2016-02-17 09:00:00",1026,1.126,330.5,37.85,1.125,0.843,14.27,1001,1623,0
"2016-02-17 10:00:00",1027,2.075,132.2,15.6,2.003,1.363,14.11,1001,1623,0
"2016-02-17 11:00:00",1028,3.276,116.9,10.03,3.116,1.826,13.8,1001,1623,0
"2016-02-17 12:00:00",1029,4.59,125.6,7.338,4.372,2.745,13.7,1001,1623,0
"2016-02-17 13:00:00",1030,4.827,98,7.239,4.37,2.229,13.65,1001,1623,0
"2016-02-17 14:00:00",1031,3.1,126.1,18.65,2.919,1.845,13.64,1001,1623,0
"2016-02-17 15:00:00",1032,5.037,97.7,9.06,4.481,2.364,13.62,1001,1623,0
"2016-02-17 16:00:00",1033,4.739,111.6,6.416,4.369,2.095,13.61,1001,1623,0
"2016-02-17 17:00:00",1034,2.984,113.2,13.52,2.593,1.491,13.27,1001,1623,0
"2016-02-17 18:00:00",1035,3.691,113.8,48.47,3.105,1.726,12.89,1001,1623,0
"2016-02-17 19:00:00",1036,6.205,257.8,35.13,5.191,3.351,12.86,1001,1623,0
"2016-02-17 20:00:00",1037,3.582,257.9,21.81,2.879,1.772,12.85,1001,1623,0
"2016-02-17 21:00:00",1038,1.733,46.89,41.21,1.598,0.982,12.83,1001,1623,0
"2016-02-17 22:00:00",1039,2.201,12.29,39.81,1.776,1.041,12.82,1001,1623,0
"2016-02-17 23:00:00",1040,1.947,16.27,25.31,1.487,0.792,12.79,1001,1623,0
"2016-02-18 00:00:00",1041,4.26,342.1,10.1,3.575,2.288,12.78,1001,1623,0
"2016-02-18 01:00:00",1042,2.916,39.02,25.06,2.478,1.57,12.78,1001,1623,0
"2016-02-18 02:00:00",1043,3.681,141.9,25.44,3.018,1.91,12.75,1001,1623,0
"2016-02-18 03:00:00",1044,4.438,118.4,62.39,3.809,2.497,12.73,1001,1623,0
"2016-02-18 04:00:00",1045,5.77,36.85,41.97,5.073,3.397,12.71,1001,1623,0
"2016-02-18 05:00:00",1046,6.346,341.1,9.76,5.623,3.636,12.71,1001,1623,0
"2016-02-18 06:00:00",1047,4.769,340.5,27.62,4.235,2.768,12.69,1001,1623,0
"2016-02-18 07:00:00",1048,3.113,293.1,37.1,2.659,1.677,12.69,1001,1623,0
"2016-02-18 08:00:00",1049,2.668,3.748,12.1,2.3,1.556,12.88,1001,1623,0
"2016-02-18 09:00:00",1050,2.478,350.8,26.5,2.279,1.57,13.37,1001,1623,0
"2016-02-18 10:00:00",1051,3.047,5.01,19.69,2.87,2.081,14.12,1001,1623,0
"2016-02-18 11:00:00",0,3.026,87.8,27.51,2.876,1.978,13.95,1001,1649,0
"2016-02-18 12:00:00",1,3.55,109.7,23.46,3.307,2.001,13.57,1001,1649,0
"2016-02-18 13:00:00",2,2.688,83.7,37.52,2.509,1.682,13.5,1001,1649,0.003
"2016-02-18 14:00:00",3,3.678,145.7,24.36,3.505,2.521,13.49,1001,1649,0
"2016-02-18 15:00:00",4,3.908,148.9,6.821,3.767,2.804,13.51,1001,1649,0
"2016-02-18 16:00:00",5,3.538,151,5.926,3.296,2.448,13.55,1001,1649,0
"2016-02-18 17:00:00",6,2.096,176,40.45,1.899,1.328,13.45,1001,1649,0
"2016-02-18 18:00:00",7,4.277,328.1,7.545,3.689,2.345,12.87,1001,1649,0
"2016-02-18 19:00:00",8,4.256,338.5,6.541,3.565,2.302,12.81,1001,1649,0
"2016-02-18 20:00:00",9,4.21,333.4,6.575,3.552,2.26,12.79,1001,1649,0
"2016-02-18 21:00:00",10,4.108,318.9,6.974,3.34,2.08,12.77,1001,1649,0
"2016-02-18 22:00:00",11,3.928,313.1,6.326,3.09,1.922,12.75,1001,1649,0
"2016-02-18 23:00:00",12,3.209,309.6,7.611,2.281,1.365,12.73,1001,1649,0
"2016-02-19 00:00:00",13,3.808,315.4,6.428,2.961,1.845,12.71,1001,1649,0
"2016-02-19 01:00:00",14,3.043,308.8,7.094,2.277,1.425,12.69,1001,1649,0
"2016-02-19 02:00:00",15,2.719,284.4,5.308,1.813,1.099,12.67,1001,1649,0
"2016-02-19 03:00:00",16,3.591,308.9,6.022,2.633,1.644,12.64,1001,1649,0
"2016-02-19 04:00:00",17,3.225,305.9,5.714,2.326,1.449,12.63,1001,1649,0
"2016-02-19 05:00:00",18,2.928,296.8,6.678,1.99,1.197,12.61,1001,1649,0
"2016-02-19 06:00:00",19,3.135,305.3,7.417,2.152,1.299,12.6,1001,1649,0
"2016-02-19 07:00:00",20,3.462,303.6,5.905,2.368,1.464,12.61,1001,1649,0
"2016-02-19 08:00:00",21,3.155,298.1,6.12,2.386,1.515,13.14,1001,1649,0
"2016-02-19 09:00:00",22,4.506,326.5,7.959,4.027,2.587,14.05,1001,1649,0
"2016-02-19 10:00:00",23,4.687,326.8,11.44,4.256,2.801,14.16,1001,1649,0
"2016-02-19 11:00:00",24,3.258,325.2,21.29,3.047,2.122,14.02,1001,1649,0
"2016-02-19 12:00:00",25,2.591,92.7,49.54,2.471,1.86,13.51,1001,1649,0
"2016-02-19 13:00:00",26,3.285,129.4,15.56,3.127,2.165,13.5,1001,1649,0
"2016-02-19 14:00:00",27,4.765,139.4,5.38,4.584,3.383,13.55,1001,1649,0
"2016-02-19 15:00:00",28,3.582,143.2,6.016,3.475,2.68,13.59,1001,1649,0
"2016-02-19 16:00:00",29,3.586,144.9,5.541,3.432,2.6,13.6,1001,1649,0
"2016-02-19 17:00:00",30,3.492,157.4,4.872,3.081,2.124,13.63,1001,1649,0
"2016-02-19 18:00:00",31,2.624,121.1,13.17,1.979,1.156,12.93,1001,1649,0
"2016-02-19 19:00:00",32,1.299,37.15,37.17,1.084,0.478,12.83,1001,1649,0
"2016-02-19 20:00:00",33,2.571,307.1,11.72,1.784,0.851,12.8,1001,1649,0
"2016-02-19 21:00:00",34,2.814,308.7,14.82,1.816,0.984,12.78,1001,1649,0
"2016-02-19 22:00:00",35,2.989,305.1,3.859,1.808,0.827,12.77,1001,1649,0
"2016-02-19 23:00:00",36,3.839,306.9,5.894,2.495,1.469,12.75,1001,1649,0
"2016-02-20 00:00:00",37,3.532,315.8,4.586,2.386,1.388,12.73,1001,1649,0
"2016-02-20 01:00:00",38,3.457,315.9,4.824,2.379,1.401,12.71,1001,1649,0
"2016-02-20 02:00:00",39,3.863,303.8,2.915,2.51,1.511,12.7,1001,1649,0
"2016-02-20 03:00:00",40,2.945,307.2,5.732,1.741,0.729,12.67,1001,1649,0
"2016-02-20 04:00:00",41,3.555,296.8,11.21,2.286,1.329,12.64,1001,1649,0
"2016-02-20 05:00:00",42,3.071,298.2,3.999,1.891,1.064,12.62,1001,1649,0
"2016-02-20 06:00:00",43,2.771,288.8,4.387,1.673,0.814,12.59,1001,1649,0
"2016-02-20 07:00:00",44,3.141,286.6,7.367,2.012,1.111,12.64,1001,1649,0
"2016-02-20 08:00:00",45,2.077,307.4,14.94,1.714,1.141,13.56,1001,1649,0
"2016-02-20 09:00:00",46,1.816,289.6,14.71,1.71,1.199,14.18,1001,1649,0
"2016-02-20 10:00:00",47,4.172,323.9,10.53,3.859,2.553,14.13,1001,1649,0
"2016-02-20 11:00:00",48,2.476,316.3,27.02,2.332,1.671,13.92,1001,1649,0
"2016-02-20 12:00:00",49,2.03,190.3,31.83,1.962,1.52,13.48,1001,1649,0
"2016-02-20 13:00:00",50,3.049,155.1,8.89,2.956,2.266,13.48,1001,1649,0
"2016-02-20 14:00:00",51,3.191,138.4,5.153,3.146,2.426,13.52,1001,1649,0
"2016-02-20 15:00:00",52,3.338,140.1,4.585,3.301,2.559,13.52,1001,1649,0
"2016-02-20 16:00:00",53,3.821,142.2,5.368,3.657,2.755,13.55,1001,1649,0
"2016-02-20 17:00:00",54,3.435,145.1,5.617,3.07,2.267,13.59,1001,1649,0
"2016-02-20 18:00:00",55,2.376,78.84,15.45,1.759,0.955,12.95,1001,1649,0
"2016-02-20 19:00:00",56,1.35,295.9,18.91,1.121,0.337,12.83,1001,1649,0
"2016-02-20 20:00:00",57,1.104,309.9,14.74,0.836,0.089,12.81,1001,1649,0
"2016-02-20 21:00:00",58,1.574,284.1,27.81,1.308,0.614,12.79,1001,1649,0
"2016-02-20 22:00:00",59,3.251,343.7,5.722,2.268,1.345,12.77,1001,1649,0
"2016-02-20 23:00:00",60,2.997,328.2,3.493,2.017,1.1,12.75,1001,1649,0
"2016-02-21 00:00:00",61,2.965,314.4,4.255,1.871,0.945,12.73,1001,1649,0
"2016-02-21 01:00:00",62,2.915,298.7,4.871,1.766,0.885,12.72,1001,1649,0
"2016-02-21 02:00:00",63,3.624,306.6,5.608,2.395,1.363,12.69,1001,1649,0
"2016-02-21 03:00:00",64,3.39,305.3,5.055,2.327,1.284,12.67,1001,1649,0
"2016-02-21 04:00:00",65,2.158,293.7,17.28,1.378,0.446,12.64,1001,1649,0
"2016-02-21 05:00:00",66,2.516,304.6,7.519,1.535,0.504,12.63,1001,1649,0
"2016-02-21 06:00:00",67,2.348,283.8,10.92,1.39,0.471,12.59,1001,1649,0
"2016-02-21 07:00:00",68,2.442,299,12.12,1.564,0.559,12.64,1001,1649,0
"2016-02-21 08:00:00",69,1.863,309.8,42.37,1.534,1,13.55,1001,1649,0
"2016-02-21 09:00:00",70,2.499,323.5,14.89,2.313,1.614,14.16,1001,1649,0
"2016-02-21 10:00:00",71,2.481,156.2,19.64,2.434,1.855,14.09,1001,1649,0
"2016-02-21 11:00:00",72,3.433,130,7.318,3.305,2.285,13.93,1001,1649,0
"2016-02-21 12:00:00",73,3.708,133.6,7.304,3.586,2.615,13.6,1001,1649,0
"2016-02-21 13:00:00",74,3.81,123.1,9.7,3.666,2.328,13.59,1001,1649,0
"2016-02-21 14:00:00",75,2.901,115.3,13.06,2.779,1.665,13.57,1001,1649,0
"2016-02-21 15:00:00",76,2.2,152.1,8.89,2.18,1.669,13.55,1001,1649,0
"2016-02-21 16:00:00",77,2.293,147.6,6.452,2.278,1.761,13.55,1001,1649,0
"2016-02-21 17:00:00",78,2.008,138.9,12.85,1.855,1.37,13.57,1001,1649,0
"2016-02-21 18:00:00",79,1.908,62.85,7.434,1.414,0.646,12.97,1001,1649,0
"2016-02-21 19:00:00",80,1.729,297.6,19.97,1.361,0.48,12.85,1001,1649,0
"2016-02-21 20:00:00",81,2.541,294.4,22.61,1.737,0.854,12.81,1001,1649,0
"2016-02-21 21:00:00",82,2.983,329.9,10.98,1.96,1.044,12.79,1001,1649,0
"2016-02-21 22:00:00",83,2.897,296.3,20.74,2.003,1.082,12.78,1001,1649,0
"2016-02-21 23:00:00",84,3.531,328.5,8.64,2.491,1.286,12.75,1001,1649,0
"2016-02-22 00:00:00",85,3.95,307.7,4.698,2.635,1.588,12.74,1001,1649,0
"2016-02-22 01:00:00",86,3.568,308.1,5.162,2.417,1.43,12.72,1001,1649,0
"2016-02-22 02:00:00",87,3.666,298.8,4.524,2.29,1.321,12.71,1001,1649,0
"2016-02-22 03:00:00",88,3.765,294.6,7.112,2.357,1.329,12.67,1001,1649,0
"2016-02-22 04:00:00",89,3.237,295.1,5.637,2.067,1.124,12.65,1001,1649,0
"2016-02-22 05:00:00",90,2.891,326.2,14.43,1.968,1.049,12.63,1001,1649,0
"2016-02-22 06:00:00",91,2.533,314.8,25.09,1.716,0.802,12.6,1001,1649,0
"2016-02-22 07:00:00",92,2.811,302.7,16.19,1.754,0.919,12.67,1001,1649,0
"2016-02-22 08:00:00",93,2.588,324.9,25.82,2.133,1.396,13.58,1001,1649,0
"2016-02-22 09:00:00",94,2.5,304.2,16.78,2.325,1.608,14.19,1001,1649,0
"2016-02-22 10:00:00",95,3.565,329.8,30.48,3.222,2.174,14.08,1001,1649,0
"2016-02-22 11:00:00",96,8.21,318.1,12.17,7.196,4.529,13.8,1001,1649,0
"2016-02-22 12:00:00",97,8.24,319.6,10.95,7.247,4.574,13.44,1001,1649,0
"2016-02-22 13:00:00",98,8.2,323.4,11.5,7.248,4.592,13.43,1001,1649,0
"2016-02-22 14:00:00",99,7.557,337.5,13.78,6.832,4.428,13.41,1001,1649,0
"2016-02-22 15:00:00",100,7.205,333.3,12.92,6.464,4.141,13.43,1001,1649,0
"2016-02-22 16:00:00",101,6.715,340.7,11.33,6.03,3.927,13.42,1001,1649,0
"2016-02-22 17:00:00",102,4.871,345,9.24,4.332,2.819,13.44,1001,1649,0
"2016-02-22 18:00:00",103,3.064,317.5,16.13,2.286,1.298,12.95,1001,1649,0
"2016-02-22 19:00:00",104,2.346,286.9,15.57,1.531,0.535,12.85,1001,1649,0
"2016-02-22 20:00:00",105,2.963,294.6,6.567,1.964,0.847,12.81,1001,1649,0
"2016-02-22 21:00:00",106,2.89,295.8,8.49,1.946,0.921,12.79,1001,1649,0
"2016-02-22 22:00:00",107,2.802,308.9,11.37,1.803,0.779,12.77,1001,1649,0
"2016-02-22 23:00:00",108,3.575,297.1,5.047,2.259,1.263,12.75,1001,1649,0
"2016-02-23 00:00:00",109,3.06,283.9,11.7,2.072,1.13,12.73,1001,1649,0
"2016-02-23 01:00:00",110,4.029,308.2,5.194,2.627,1.509,12.71,1001,1649,0
"2016-02-23 02:00:00",111,2.999,319.2,14.78,1.978,1.066,12.69,1001,1649,0
"2016-02-23 03:00:00",112,2.9,330.6,7.942,1.925,0.993,12.67,1001,1649,0
"2016-02-23 04:00:00",113,2.897,301.4,8.13,1.9,1.023,12.64,1001,1649,0
"2016-02-23 05:00:00",114,2.311,295.9,12.24,1.403,0.678,12.63,1001,1649,0
"2016-02-23 06:00:00",115,3.33,311.9,8.43,2.204,1.186,12.59,1001,1649,0
"2016-02-23 07:00:00",116,2.635,345.7,40.02,1.94,1.087,12.67,1001,1649,0
"2016-02-23 08:00:00",117,2.857,205.9,16.13,2.344,1.51,13.58,1001,1649,0
"2016-02-23 09:00:00",118,4.025,156.4,9.91,3.42,2.206,14.18,1001,1649,0
"2016-02-23 10:00:00",119,3.956,138.8,15.2,3.622,2.486,14.14,1001,1649,0
"2016-02-23 11:00:00",120,4.393,157.8,9.45,4.133,2.934,13.94,1001,1649,0
"2016-02-23 12:00:00",121,5.074,160,5.631,4.694,3.168,13.63,1001,1649,0
"2016-02-23 13:00:00",122,4.573,161.6,5.578,4.299,2.88,13.62,1001,1649,0
"2016-02-23 14:00:00",123,5.189,161.8,5.241,4.851,3.198,13.6,1001,1649,0
"2016-02-23 15:00:00",124,5.288,161,5.223,4.848,3.17,13.61,1001,1649,0
"2016-02-23 16:00:00",125,5.178,161.8,5.214,4.645,2.991,13.63,1001,1649,0
"2016-02-23 17:00:00",126,4.299,161,4.498,3.613,2.296,13.62,1001,1649,0
"2016-02-23 18:00:00",127,3.885,135.2,16.62,3.081,1.768,12.92,1001,1649,0
"2016-02-23 19:00:00",128,3.511,103.6,6.212,2.629,1.125,12.84,1001,1649,0
"2016-02-23 20:00:00",129,2.214,194.8,22.97,1.611,0.718,12.82,1001,1649,0
"2016-02-23 21:00:00",130,1.79,297.8,11.99,1.227,0.365,12.79,1001,1649,0
"2016-02-23 22:00:00",131,1.728,325.5,26.87,1.294,0.562,12.78,1001,1649,0
"2016-02-23 23:00:00",132,1.453,260.8,19.34,1.264,0.503,12.76,1001,1649,0
"2016-02-24 00:00:00",133,3.109,330.4,10.5,2.123,1.127,12.74,1001,1649,0
"2016-02-24 01:00:00",134,2.595,321.2,20.43,1.803,0.948,12.72,1001,1649,0
"2016-02-24 02:00:00",135,2.027,280.4,15.71,1.468,0.686,12.69,1001,1649,0
"2016-02-24 03:00:00",136,2.54,309.5,12.01,1.94,0.897,12.66,1001,1649,0
"2016-02-24 04:00:00",137,3.137,338.8,8.72,2.17,1.224,12.64,1001,1649,0
"2016-02-24 05:00:00",138,2.589,322.6,14.16,1.758,0.886,12.61,1001,1649,0
"2016-02-24 06:00:00",139,2.807,316.8,5.926,1.752,0.709,12.57,1001,1649,0
"2016-02-24 07:00:00",140,3.268,324.2,5.964,2.212,1.222,12.66,1001,1649,0
"2016-02-24 08:00:00",141,3.175,309.2,6.71,2.546,1.642,13.67,1001,1649,0
"2016-02-24 09:00:00",142,3.094,306.5,9.76,2.776,1.866,14.28,1001,1649,0
"2016-02-24 10:00:00",143,1.685,211.7,26.83,1.642,1.253,14.13,1001,1649,0
"2016-02-24 11:00:00",144,1.825,151.1,27.7,1.737,1.331,13.86,1001,1649,0
"2016-02-24 12:00:00",145,2.671,159.4,9.5,2.587,1.949,13.57,1001,1649,0
"2016-02-24 13:00:00",146,3.505,160.2,6.117,3.436,2.476,13.59,1001,1649,0
"2016-02-24 14:00:00",147,3.711,150.9,5.455,3.654,2.736,13.59,1001,1649,0
"2016-02-24 15:00:00",148,3.759,145.3,4.934,3.68,2.825,13.61,1001,1649,0
"2016-02-24 16:00:00",149,3.628,137.6,5.555,3.462,2.5,13.63,1001,1649,0
"2016-02-24 17:00:00",150,3.135,109.2,5.972,2.891,1.437,13.65,1001,1649,0
"2016-02-24 18:00:00",151,2.661,81.2,5.251,1.994,1.256,13.02,1001,1649,0
"2016-02-24 19:00:00",152,1.76,249.9,37.05,1.258,0.484,12.84,1001,1649,0
"2016-02-24 20:00:00",153,2.131,302.7,7.265,1.499,0.549,12.82,1001,1649,0
"2016-02-24 21:00:00",154,1.913,305.7,7.61,1.183,0.25,12.79,1001,1649,0
"2016-02-24 22:00:00",155,2.64,339,7.257,1.773,0.933,12.77,1001,1649,0
"2016-02-24 23:00:00",156,3.18,313.1,4.461,2.085,1.187,12.75,1001,1649,0
"2016-02-25 00:00:00",157,3.449,317.3,3.923,2.24,1.245,12.72,1001,1649,0
"2016-02-25 01:00:00",158,2.706,304,16.24,1.799,0.854,12.71,1001,1649,0
"2016-02-25 02:00:00",159,3.272,304.6,8.34,2.086,1.104,12.68,1001,1649,0
"2016-02-25 03:00:00",160,4.148,304.8,3.538,2.789,1.673,12.66,1001,1649,0
"2016-02-25 04:00:00",161,3.796,312.8,5.532,2.622,1.55,12.64,1001,1649,0
"2016-02-25 05:00:00",162,3.007,319,6.64,2.054,1.091,12.62,1001,1649,0
"2016-02-25 06:00:00",163,2.6,306.5,7.065,1.56,0.685,12.58,1001,1649,0
"2016-02-25 07:00:00",164,2.405,325.5,22.25,1.597,0.829,12.66,1001,1649,0
"2016-02-25 08:00:00",165,1.507,358,16.79,1.401,1.008,13.68,1001,1649,0
"2016-02-25 09:00:00",166,2.447,351.8,14.74,2.347,1.677,14.29,1001,1649,0
"2016-02-25 10:00:00",167,1.112,126.6,32.84,1.11,0.88,14.13,1001,1649,0
"2016-02-25 11:00:00",168,2.343,97.3,13.97,2.229,1.414,13.86,1001,1649,0
"2016-02-25 12:00:00",169,3.129,126,11.49,3.018,2.136,13.57,1001,1649,0
"2016-02-25 13:00:00",170,3.319,122.2,9.23,3.187,2.062,13.58,1001,1649,0
"2016-02-25 14:00:00",171,3.276,117.1,8.51,3.144,1.876,13.56,1001,1649,0
"2016-02-25 15:00:00",172,3.479,112.9,7.714,3.33,1.766,13.57,1001,1649,0
"2016-02-25 16:00:00",173,3.492,117.6,5.545,3.348,1.934,13.58,1001,1649,0
"2016-02-25 17:00:00",174,2.029,144.7,10.66,1.928,1.413,13.62,1001,1649,0
"2016-02-25 18:00:00",175,1.055,118.2,12.19,1.092,0.199,13.02,1001,1649,0
"2016-02-25 19:00:00",176,2.072,288.6,5.999,1.65,0.482,12.85,1001,1649,0
"2016-02-25 20:00:00",177,1.882,334.2,10.08,1.252,0.175,12.82,1001,1649,0
"2016-02-25 21:00:00",178,1.743,307.8,12.64,1.373,0.379,12.79,1001,1649,0
"2016-02-25 22:00:00",179,2.656,311.3,7.028,1.621,0.586,12.77,1001,1649,0
"2016-02-25 23:00:00",180,2.862,326.4,8.34,1.813,0.785,12.75,1001,1649,0
"2016-02-26 00:00:00",181,2.887,321.8,7.942,1.832,0.875,12.73,1001,1649,0
"2016-02-26 01:00:00",182,3.099,300.1,3.043,1.849,0.9,12.71,1001,1649,0
"2016-02-26 02:00:00",183,3.395,300,5.328,2.074,1.13,12.69,1001,1649,0
"2016-02-26 03:00:00",184,2.311,326.4,20.13,1.75,0.749,12.67,1001,1649,0
"2016-02-26 04:00:00",185,2.455,358,5.609,1.766,0.798,12.64,1001,1649,0
"2016-02-26 05:00:00",186,2.78,307.5,6.35,1.829,0.921,12.62,1001,1649,0
"2016-02-26 06:00:00",187,2.191,339.5,7.398,1.574,0.415,12.58,1001,1649,0
"2016-02-26 07:00:00",188,1.904,343.7,5.414,1.242,0.195,12.66,1001,1649,0
"2016-02-26 08:00:00",189,1.857,299.2,12.28,1.585,0.977,13.66,1001,1649,0
"2016-02-26 09:00:00",190,1.48,305.8,29.43,1.392,1.009,14.26,1001,1649,0
"2016-02-26 10:00:00",191,1.903,7.534,19.61,1.816,1.385,14.1,1001,1649,0
"2016-02-26 11:00:00",192,3.602,98.2,14.24,3.449,2.013,13.86,1001,1649,0
"2016-02-26 12:00:00",193,3.816,143.6,6.038,3.718,2.811,13.63,1001,1649,0
"2016-02-26 13:00:00",194,4.16,131.5,6.431,4,2.783,13.62,1001,1649,0
"2016-02-26 14:00:00",195,3.732,135.3,6.272,3.628,2.628,13.62,1001,1649,0
"2016-02-26 15:00:00",196,3.542,119.9,7.144,3.388,2.034,13.61,1001,1649,0
"2016-02-26 16:00:00",197,2.545,119.8,10.01,2.429,1.326,13.58,1001,1649,0
"2016-02-26 17:00:00",198,1.648,182.1,14.87,1.48,1.105,13.56,1001,1649,0
"2016-02-26 18:00:00",199,1.635,161,7.169,0.881,0.143,12.94,1001,1649,0
"2016-02-26 19:00:00",200,0.987,38.82,19.93,1.229,0.267,12.85,1001,1649,0
"2016-02-26 20:00:00",201,2.089,315,5.36,1.35,0.228,12.82,1001,1649,0
"2016-02-26 21:00:00",202,2.647,325.5,6.017,1.707,0.814,12.79,1001,1649,0
"2016-02-26 22:00:00",203,3.031,318.9,3.98,2.062,1.163,12.78,1001,1649,0
"2016-02-26 23:00:00",204,2.967,304,17.57,1.913,0.971,12.76,1001,1649,0
"2016-02-27 00:00:00",205,2.483,299.3,9.7,1.694,0.7,12.75,1001,1649,0
"2016-02-27 01:00:00",206,2.473,301,6.508,1.486,0.399,12.72,1001,1649,0
"2016-02-27 02:00:00",207,2.974,281.7,8.28,1.927,0.998,12.71,1001,1649,0
"2016-02-27 03:00:00",208,3.282,296.1,4.437,1.955,1.06,12.68,1001,1649,0
"2016-02-27 04:00:00",209,2.637,281.4,11.46,1.696,0.709,12.66,1001,1649,0
"2016-02-27 05:00:00",210,1.836,311.7,15.58,1.456,0.456,12.64,1001,1649,0
"2016-02-27 06:00:00",211,2.101,298.8,10.93,1.641,0.692,12.6,1001,1649,0
"2016-02-27 07:00:00",212,1.868,222.7,11.65,1.162,0.506,12.67,1001,1649,0
"2016-02-27 08:00:00",213,1.581,299.4,30.22,1.353,0.868,13.58,1001,1649,0
"2016-02-27 09:00:00",214,1.899,102.9,14.58,1.814,0.946,14.18,1001,1649,0
"2016-02-27 10:00:00",215,2.851,129,10.85,2.712,1.842,14.14,1001,1649,0
"2016-02-27 11:00:00",216,2.437,144.8,10.2,2.375,1.841,13.93,1001,1649,0
"2016-02-27 12:00:00",217,2.579,145.1,8.84,2.546,1.988,13.6,1001,1649,0
"2016-02-27 13:00:00",218,3.944,137.4,6.075,3.84,2.873,13.58,1001,1649,0
"2016-02-27 14:00:00",219,3.949,138.1,5.639,3.835,2.856,13.58,1001,1649,0
"2016-02-27 15:00:00",220,3.591,138.6,6.655,3.513,2.603,13.57,1001,1649,0
"2016-02-27 16:00:00",221,3.304,133.5,5.867,3.203,2.274,13.59,1001,1649,0
"2016-02-27 17:00:00",222,2.729,104.6,7.147,2.522,1.278,13.59,1001,1649,0
"2016-02-27 18:00:00",223,1.182,171.9,21.05,1.059,0.291,13.01,1001,1649,0
"2016-02-27 19:00:00",224,1.329,265.6,13.92,1.12,0.169,12.85,1001,1649,0
"2016-02-27 20:00:00",225,1.802,329.4,12.69,1.418,0.465,12.82,1001,1649,0
"2016-02-27 21:00:00",226,2.104,322.3,9.23,1.461,0.482,12.79,1001,1649,0
"2016-02-27 22:00:00",227,2.889,335.3,6.237,1.849,0.909,12.78,1001,1649,0
"2016-02-27 23:00:00",228,2.931,326,5.87,1.976,0.992,12.76,1001,1649,0
"2016-02-28 00:00:00",229,2.138,329.1,19.07,1.435,0.575,12.74,1001,1649,0
"2016-02-28 01:00:00",230,1.49,339.6,14.92,0.952,0.245,12.72,1001,1649,0
"2016-02-28 02:00:00",231,3.086,314.1,6.638,2.107,1.122,12.71,1001,1649,0
"2016-02-28 03:00:00",232,1.707,354.8,25.21,1.218,0.399,12.68,1001,1649,0
"2016-02-28 04:00:00",233,1.833,308.1,19.61,1.411,0.731,12.65,1001,1649,0
"2016-02-28 05:00:00",234,2.26,320.7,11.21,1.464,0.426,12.63,1001,1649,0
"2016-02-28 06:00:00",235,2.879,284.5,6.841,1.824,0.923,12.6,1001,1649,0
"2016-02-28 07:00:00",236,3.062,309.2,13.21,1.959,1.111,12.69,1001,1649,0
"2016-02-28 08:00:00",237,1.897,334.1,34.35,1.482,0.986,13.6,1001,1649,0
"2016-02-28 09:00:00",238,1.596,341.9,35.8,1.533,1.093,14.13,1001,1649,0
"2016-02-28 10:00:00",239,2.774,115,16.28,2.666,1.821,14.07,1001,1649,0
"2016-02-28 11:00:00",240,3.949,125.7,8.72,3.719,2.292,14.05,1001,1649,0
"2016-02-28 12:00:00",241,3.454,140.6,6.933,3.346,2.526,13.68,1001,1649,0
"2016-02-28 13:00:00",242,3.803,153,6.483,3.703,2.74,13.62,1001,1649,0
"2016-02-28 14:00:00",243,4.087,143.8,6.143,3.974,2.982,13.6,1001,1649,0
"2016-02-28 15:00:00",244,3.747,123.4,9.75,3.577,2.296,13.57,1001,1649,0
"2016-02-28 16:00:00",245,3.617,92.8,7.242,3.255,1.77,13.58,1001,1649,0
"2016-02-28 17:00:00",246,2.079,175.9,15.69,1.963,1.416,13.57,1001,1649,0
"2016-02-28 18:00:00",247,1.833,217.5,18.66,1.415,0.529,12.94,1001,1649,0
"2016-02-28 19:00:00",248,1.797,335.5,6.554,1.354,0.242,12.85,1001,1649,0
"2016-02-28 20:00:00",249,1.799,348.7,12.92,1.29,0.18,12.82,1001,1649,0
"2016-02-28 21:00:00",250,2.053,294.2,8.91,1.469,0.443,12.79,1001,1649,0
"2016-02-28 22:00:00",251,2.659,304,3.419,1.711,0.782,12.79,1001,1649,0
"2016-02-28 23:00:00",252,2.121,321.9,4.092,1.268,0.285,12.76,1001,1649,0
"2016-02-29 00:00:00",253,2.49,302.9,3.751,1.491,0.628,12.75,1001,1649,0
"2016-02-29 01:00:00",254,2.129,286.5,24.71,1.29,0.387,12.73,1001,1649,0
"2016-02-29 02:00:00",255,3.367,292.8,2.463,2.083,1.115,12.71,1001,1649,0
"2016-02-29 03:00:00",256,2.841,317.4,4.749,1.811,0.815,12.68,1001,1649,0
"2016-02-29 04:00:00",257,2.838,303.9,6.254,1.762,0.776,12.66,1001,1649,0
"2016-02-29 05:00:00",258,1.836,305.9,22,1.015,0.293,12.64,1001,1649,0
"2016-02-29 06:00:00",259,2.081,3.573,13.89,1.654,0.638,12.61,1001,1649,0
"2016-02-29 07:00:00",260,2.263,313.5,14.22,1.59,0.785,12.65,1001,1649,0
"2016-02-29 08:00:00",261,1.721,336.1,21.64,1.552,1.053,13.52,1001,1649,0
"2016-02-29 09:00:00",262,1.208,258.2,37.29,1.181,0.814,14.12,1001,1649,0
"2016-02-29 10:00:00",263,2.29,143.6,15.3,2.245,1.718,14.06,1001,1649,0
"2016-02-29 11:00:00",264,3.312,138.7,6.636,3.213,2.443,13.9,1001,1649,0
"2016-02-29 12:00:00",265,4.012,139.7,7.005,3.849,2.864,13.59,1001,1649,0
"2016-02-29 13:00:00",266,3.506,140.5,7.572,3.402,2.589,13.58,1001,1649,0
"2016-02-29 14:00:00",267,2.651,148.1,8.39,2.609,2.028,13.55,1001,1649,0
"2016-02-29 15:00:00",268,2.651,145.1,7.39,2.591,2.013,13.55,1001,1649,0
"2016-02-29 16:00:00",269,2.337,144,9.17,2.275,1.752,13.56,1001,1649,0
"2016-02-29 17:00:00",270,1.672,152.4,10.83,1.629,1.235,13.57,1001,1649,0
"2016-02-29 18:00:00",271,1.12,148.2,15.86,0.791,0.375,13.01,1001,1649,0
"2016-02-29 19:00:00",272,1.045,252.1,12.73,1.048,0.348,12.85,1001,1649,0
"2016-02-29 20:00:00",273,1.829,290.8,8.69,1.261,0.365,12.82,1001,1649,0
"2016-02-29 21:00:00",274,2.64,337.8,12.37,1.746,0.827,12.79,1001,1649,0
"2016-02-29 22:00:00",275,2.926,318.7,9.92,1.971,1.088,12.79,1001,1649,0
"2016-02-29 23:00:00",276,2.835,304.3,6.764,1.73,0.733,12.76,1001,1649,0
"2016-03-01 00:00:00",277,0.697,337.4,17.04,0.839,0.182,12.74,1001,1649,0
"2016-03-01 01:00:00",278,2.041,343.3,10.91,1.395,0.433,12.72,1001,1649,0
"2016-03-01 02:00:00",279,1.347,317,38.45,1.045,0.326,12.71,1001,1649,0
"2016-03-01 03:00:00",280,2.188,318.6,7.699,1.72,0.504,12.68,1001,1649,0
"2016-03-01 04:00:00",281,3.24,300.5,3.967,1.987,1.111,12.65,1001,1649,0
"2016-03-01 05:00:00",282,2.076,328.8,15.85,1.465,0.464,12.63,1001,1649,0
"2016-03-01 06:00:00",283,2.921,320,5.444,1.807,0.83,12.61,1001,1649,0
"2016-03-01 07:00:00",284,2.445,312.1,8.63,1.553,0.622,12.68,1001,1649,0
"2016-03-01 08:00:00",285,1.522,310.2,18.84,1.156,0.63,13.37,1001,1649,0
"2016-03-01 09:00:00",286,1.873,50.44,17.35,1.814,1.337,14.1,1001,1649,0
"2016-03-01 10:00:00",287,2.741,135.1,11.43,2.644,1.924,14.11,1001,1649,0
"2016-03-01 11:00:00",288,2.523,143.5,9.38,2.433,1.852,14.03,1001,1649,0
"2016-03-01 12:00:00",289,2.925,142,9.36,2.832,2.169,13.56,1001,1649,0
"2016-03-01 13:00:00",290,3.076,145.4,7.222,2.995,2.306,13.56,1001,1649,0
"2016-03-01 14:00:00",291,3.426,139.1,5.844,3.364,2.552,13.55,1001,1649,0
"2016-03-01 15:00:00",292,2.86,134.4,7.515,2.806,2.091,13.55,1001,1649,0
"2016-03-01 16:00:00",293,2.831,101,7.305,2.67,1.467,13.55,1001,1649,0
"2016-03-01 17:00:00",294,2.886,89.8,4.958,2.467,1.402,13.54,1001,1649,0
"2016-03-01 18:00:00",295,2.047,98.2,29.45,1.549,0.862,13.03,1001,1649,0
"2016-03-01 19:00:00",296,1.602,290.2,16.72,1.461,0.455,12.85,1001,1649,0
"2016-03-01 20:00:00",297,2.109,285.4,13.11,1.473,0.514,12.82,1001,1649,0
"2016-03-01 21:00:00",298,2.922,324.1,9.5,1.97,1.026,12.79,1001,1649,0
"2016-03-01 22:00:00",299,3.065,331.5,3.282,2.097,1.137,12.78,1001,1649,0
"2016-03-01 23:00:00",300,3.416,307.7,6.035,2.152,1.221,12.76,1001,1649,0
"2016-03-02 00:00:00",301,2.413,312,9.26,1.504,0.465,12.75,1001,1649,0
"2016-03-02 01:00:00",302,2.131,281.4,10.94,1.282,0.349,12.72,1001,1649,0
"2016-03-02 02:00:00",303,2.359,346.4,20.81,1.809,1.049,12.71,1001,1649,0
"2016-03-02 03:00:00",304,2.257,320.3,12.58,1.849,0.836,12.68,1001,1649,0
"2016-03-02 04:00:00",305,2.111,297.8,15.78,1.397,0.59,12.66,1001,1649,0
"2016-03-02 05:00:00",306,2.125,321.9,22.78,1.658,0.847,12.64,1001,1649,0
"2016-03-02 06:00:00",307,1.75,291.6,17.17,1.477,0.717,12.61,1001,1649,0
"2016-03-02 07:00:00",308,2.18,4.641,19.87,1.597,0.957,12.67,1001,1649,0
"2016-03-02 08:00:00",309,2.091,267.9,10.39,1.777,1.223,13.37,1001,1649,0
"2016-03-02 09:00:00",310,2.014,184.1,17.74,1.889,1.335,14.04,1001,1649,0
"2016-03-02 10:00:00",311,2.687,96.1,12.51,2.495,1.444,14.09,1001,1649,0
"2016-03-02 11:00:00",312,3.019,148.6,10.29,2.895,2.054,13.95,1001,1649,0.015
"2016-03-02 12:00:00",313,3.769,140.5,6.396,3.636,2.687,13.56,1001,1649,0
"2016-03-02 13:00:00",314,4.022,136.3,5.484,3.903,2.87,13.56,1001,1649,0
"2016-03-02 14:00:00",315,3.589,144.9,5.158,3.544,2.716,13.52,1001,1649,0
"2016-03-02 15:00:00",316,3.435,145.8,5.853,3.387,2.545,13.52,1001,1649,0
"2016-03-02 16:00:00",317,3.454,133.2,5.503,3.368,2.407,13.52,1001,1649,0
"2016-03-02 17:00:00",318,3.033,123.6,6.509,2.8,1.72,13.56,1001,1649,0
"2016-03-02 18:00:00",319,1.751,82.5,37.87,1.396,0.703,13,1001,1649,0
"2016-03-02 19:00:00",320,1.19,331.8,27.78,1.337,0.497,12.85,1001,1649,0
"2016-03-02 20:00:00",321,2.196,337.4,27.22,1.508,0.702,12.82,1001,1649,0
"2016-03-02 21:00:00",322,2.977,339.8,15.05,1.982,0.843,12.79,1001,1649,0
"2016-03-02 22:00:00",323,3.434,302.9,5.545,2.231,1.295,12.79,1001,1649,0
"2016-03-02 23:00:00",324,3.591,301.3,4.751,2.228,1.229,12.76,1001,1649,0
"2016-03-03 00:00:00",325,3.568,279.5,2.71,2.172,1.187,12.75,1001,1649,0
"2016-03-03 01:00:00",326,2.394,326.5,12.06,1.531,0.717,12.72,1001,1649,0
"2016-03-03 02:00:00",327,2.004,340,13.22,1.296,0.507,12.71,1001,1649,0
"2016-03-03 03:00:00",328,3.158,298.4,14.7,2.03,1.046,12.68,1001,1649,0
"2016-03-03 04:00:00",329,2.325,12.02,17.03,1.66,0.762,12.66,1001,1649,0
"2016-03-03 05:00:00",330,1.979,294.7,15.74,1.508,0.47,12.64,1001,1649,0
"2016-03-03 06:00:00",331,1.943,280.6,14.18,1.577,0.739,12.62,1001,1649,0
"2016-03-03 07:00:00",332,1.831,354.1,6.524,1.346,0.392,12.66,1001,1649,0
"2016-03-03 08:00:00",333,1.297,306.4,17.05,1.127,0.692,13.37,1001,1649,0
"2016-03-03 09:00:00",334,0.904,197.2,19.66,0.967,0.691,14.08,1001,1649,0
"2016-03-03 10:00:00",335,1.817,7.194,43.85,1.775,1.347,14.01,1001,1649,0
"2016-03-03 11:00:00",336,2.858,141.9,9.06,2.808,2.126,13.86,1001,1649,0
"2016-03-03 12:00:00",337,3.967,133,6.711,3.84,2.712,13.48,1001,1649,0
"2016-03-03 13:00:00",338,4.729,139.8,5.118,4.545,3.332,13.51,1001,1649,0
"2016-03-03 14:00:00",339,3.922,127.3,6.55,3.759,2.528,13.52,1001,1649,0
"2016-03-03 15:00:00",340,3.576,115.3,6.843,3.416,1.882,13.5,1001,1649,0
"2016-03-03 16:00:00",341,3.749,103.5,6.929,3.423,1.639,13.48,1001,1649,0
"2016-03-03 17:00:00",342,3.212,92.7,5.393,2.672,1.4,13.47,1001,1649,0
"2016-03-03 18:00:00",343,1.955,174.4,55.29,1.621,0.83,12.96,1001,1649,0
"2016-03-03 19:00:00",344,1.532,220.9,9.7,0.92,0.043,12.85,1001,1649,0
"2016-03-03 20:00:00",345,2.585,323,6.362,1.796,0.837,12.82,1001,1649,0
"2016-03-03 21:00:00",346,3.179,324.2,10.46,2.137,1.206,12.79,1001,1649,0
"2016-03-03 22:00:00",347,3.004,315.4,8.49,1.917,1.03,12.78,1001,1649,0
"2016-03-03 23:00:00",348,2.962,293.9,4.122,1.788,0.822,12.76,1001,1649,0
"2016-03-04 00:00:00",349,3.107,282.8,6.053,1.918,0.826,12.75,1001,1649,0
"2016-03-04 01:00:00",350,2.989,295.4,14.68,1.767,0.773,12.72,1001,1649,0
"2016-03-04 02:00:00",351,1.731,228.9,48.2,1.602,0.566,12.71,1001,1649,0
"2016-03-04 03:00:00",352,0.706,153.1,22.34,0.979,0.223,12.68,1001,1649,0
"2016-03-04 04:00:00",353,2.317,54.09,5.992,1.642,0.612,12.66,1001,1649,0
"2016-03-04 05:00:00",354,2.092,288.6,21.48,1.538,0.66,12.63,1001,1649,0
"2016-03-04 06:00:00",355,2.01,303.7,6.708,1.434,0.456,12.61,1001,1649,0
"2016-03-04 07:00:00",356,2.364,329,6.83,1.578,0.815,12.73,1001,1649,0
"2016-03-04 08:00:00",357,2.367,336.6,13.08,2.173,1.478,13.71,1001,1649,0
"2016-03-04 09:00:00",358,2.188,326.5,13.97,2.105,1.506,14.19,1001,1649,0
"2016-03-04 10:00:00",359,2.262,326,21.99,2.13,1.525,14.02,1001,1649,0
"2016-03-04 11:00:00",360,2.334,117.3,53.47,2.283,1.73,13.68,1001,1649,0
"2016-03-04 12:00:00",361,4.201,139.1,6.004,4.079,3.011,13.49,1001,1649,0
"2016-03-04 13:00:00",362,5.044,144.1,5.927,4.817,3.557,13.53,1001,1649,0
"2016-03-04 14:00:00",363,4.528,149.4,5.97,4.367,3.211,13.56,1001,1649,0
"2016-03-04 15:00:00",364,3.771,141.3,5.59,3.645,2.721,13.55,1001,1649,0
"2016-03-04 16:00:00",365,3.083,129.1,7.275,2.934,2.036,13.54,1001,1649,0
"2016-03-04 17:00:00",366,2.425,88.8,9.37,2.136,1.272,13.43,1001,1649,0
"2016-03-04 18:00:00",367,1.714,78.28,32.2,1.434,0.723,12.91,1001,1649,0
"2016-03-04 19:00:00",368,2.344,305.4,10.51,1.991,0.994,12.85,1001,1649,0
"2016-03-04 20:00:00",369,5.267,338,7.224,4.442,2.783,12.82,1001,1649,0
"2016-03-04 21:00:00",370,4.41,326.8,6.771,3.655,2.236,12.79,1001,1649,0
"2016-03-04 22:00:00",371,3.758,309.3,8.05,2.814,1.714,12.79,1001,1649,0
"2016-03-04 23:00:00",372,3.729,277.2,6.986,2.427,1.399,12.77,1001,1649,0
"2016-03-05 00:00:00",373,4.234,299.1,6.887,3.057,1.849,12.75,1001,1649,0
"2016-03-05 01:00:00",374,4.258,306,9.16,3.283,2.013,12.73,1001,1649,0
"2016-03-05 02:00:00",375,3.729,305.4,8.76,2.721,1.651,12.71,1001,1649,0
"2016-03-05 03:00:00",376,2.472,308.5,11.32,1.638,0.818,12.69,1001,1649,0
"2016-03-05 04:00:00",377,1.525,277.8,16.73,1.031,0.315,12.66,1001,1649,0
"2016-03-05 05:00:00",378,1.198,279.4,24.88,0.81,0.334,12.64,1001,1649,0
"2016-03-05 06:00:00",379,1.588,304.3,15.85,0.984,0.267,12.62,1001,1649,0
"2016-03-05 07:00:00",380,1.686,275.8,30.55,1.32,0.567,12.66,1001,1649,0
"2016-03-05 08:00:00",381,1.565,304.9,17.24,1.376,0.975,13.38,1001,1649,0
"2016-03-05 09:00:00",382,2.849,345.6,10.76,2.637,1.81,13.81,1001,1649,0
"2016-03-05 10:00:00",383,3.736,305.2,13.88,3.371,2.252,14.07,1001,1649,0
"2016-03-05 11:00:00",384,2.48,323.5,24.18,2.355,1.666,14.03,1001,1649,0
"2016-03-05 12:00:00",385,2.977,119.7,24.8,2.849,2.047,13.8,1001,1649,0
"2016-03-05 13:00:00",386,4.022,131.2,6.87,3.861,2.633,13.58,1001,1649,0
"2016-03-05 14:00:00",387,3.709,137.5,7.448,3.546,2.57,13.57,1001,1649,0
"2016-03-05 15:00:00",388,2.847,116.1,10.37,2.718,1.739,13.57,1001,1649,0
"2016-03-05 16:00:00",389,2.353,123.8,11.4,2.272,1.479,13.6,1001,1649,0
"2016-03-05 17:00:00",390,2.305,152.3,8.78,2.227,1.635,13.48,1001,1649,0
"2016-03-05 18:00:00",391,2.492,115.3,8.59,2.095,1.055,12.92,1001,1649,0
"2016-03-05 19:00:00",392,2.29,57.61,13.86,1.773,1.141,12.84,1001,1649,0
"2016-03-05 20:00:00",393,2.178,297.6,28.26,1.754,1.085,12.82,1001,1649,0
"2016-03-05 21:00:00",394,2.033,269.1,23.05,1.346,0.685,12.79,1001,1649,0
"2016-03-05 22:00:00",395,0.951,339.3,27.18,0.915,0.454,12.79,1001,1649,0
"2016-03-05 23:00:00",396,1.919,321.9,44.86,1.653,0.915,12.78,1001,1649,0
"2016-03-06 00:00:00",397,2.435,298,13.27,1.878,1.023,12.75,1001,1649,0
"2016-03-06 01:00:00",398,4.947,313.4,11.41,4.059,2.507,12.74,1001,1649,0
"2016-03-06 02:00:00",399,4.2,324.2,28.68,3.52,2.193,12.72,1001,1649,0
"2016-03-06 03:00:00",400,2.585,247.2,56.2,2.118,1.264,12.71,1001,1649,0
"2016-03-06 04:00:00",401,2.691,322.5,35.39,2.321,1.368,12.69,1001,1649,0
"2016-03-06 05:00:00",402,2.593,44.58,27.68,2.182,1.287,12.67,1001,1649,0
"2016-03-06 06:00:00",403,2.999,1.616,58.9,2.514,1.495,12.64,1001,1649,0
"2016-03-06 07:00:00",404,2.302,215.8,54,2.029,1.233,12.76,1001,1649,0
"2016-03-06 08:00:00",405,2.866,132.1,20.8,2.583,1.645,13.57,1001,1649,0
"2016-03-06 09:00:00",406,4.452,93.9,10.56,3.912,2.253,14.07,1001,1649,0
"2016-03-06 10:00:00",407,3.653,66.01,13.4,3.303,2.221,13.88,1001,1649,0
"2016-03-06 11:00:00",408,3.482,30.44,19.79,3.126,2.114,14.03,1001,1649,0
"2016-03-06 12:00:00",409,9.97,288.4,9.32,8.19,5.073,13.7,1001,1649,0
"2016-03-06 13:00:00",410,8.93,278.3,19.51,7.437,4.649,13.73,1001,1649,0
"2016-03-06 14:00:00",411,6.47,303.4,25.46,5.763,3.772,13.62,1001,1649,0
"2016-03-06 15:00:00",412,7.348,318.5,15.47,6.416,4.078,13.61,1001,1649,0
"2016-03-06 16:00:00",413,7.067,328.6,12.48,6.316,3.992,13.61,1001,1649,0
"2016-03-06 17:00:00",414,7.845,328,9.08,6.973,4.332,13.65,1001,1649,0
"2016-03-06 18:00:00",415,5.244,336.6,9.95,4.564,2.893,13.08,1001,1649,0
"2016-03-06 19:00:00",416,7.364,348.3,9.65,6.494,4.12,12.84,1001,1649,0
"2016-03-06 20:00:00",417,7.047,338.2,8.61,6.161,3.889,12.81,1001,1649,0
"2016-03-06 21:00:00",418,8.41,340,8.17,7.374,4.616,12.79,1001,1649,0
"2016-03-06 22:00:00",419,8.29,332.5,8.01,7.317,4.527,12.78,1001,1649,0
"2016-03-06 23:00:00",420,5.301,277,18.64,4.475,2.82,12.75,1001,1649,0
"2016-03-07 00:00:00",421,4.997,300.1,18.51,4.276,2.673,12.75,1001,1649,0
"2016-03-07 01:00:00",422,4.268,306.4,9.25,3.389,2.096,12.73,1001,1649,0
"2016-03-07 02:00:00",423,1.917,272.6,11.36,1.543,0.606,12.71,1001,1649,0
"2016-03-07 03:00:00",424,3.323,282.6,10.81,2.381,1.415,12.68,1001,1649,0
"2016-03-07 04:00:00",425,3.303,294,11.64,2.393,1.443,12.66,1001,1649,0
"2016-03-07 05:00:00",426,2.299,332,36.62,1.855,1.044,12.63,1001,1649,0
"2016-03-07 06:00:00",427,1.811,23.96,31.44,1.653,0.981,12.62,1001,1649,0
"2016-03-07 07:00:00",428,2.751,32.31,26.84,2.367,1.487,12.6,1001,1649,0
"2016-03-07 08:00:00",429,2.504,14.8,18.12,2.102,1.304,12.65,1001,1649,0
"2016-03-07 09:00:00",430,2.067,316.5,28.29,1.769,1.119,12.69,1001,1649,0
"2016-03-07 10:00:00",431,2.327,242.9,13.8,1.926,1.243,12.9,1001,1649,0
"2016-03-07 11:00:00",432,4.854,257.6,12.54,4.112,2.629,13.06,1001,1649,0
"2016-03-07 12:00:00",433,3.766,349.5,14.69,3.43,2.282,13.26,1001,1649,0
"2016-03-07 13:00:00",434,3.79,3.399,16.35,3.528,2.451,13.96,1001,1649,0
"2016-03-07 14:00:00",435,2.757,77.9,27.89,2.607,1.822,14.18,1001,1649,0
"2016-03-07 15:00:00",436,4.576,130.9,15.44,4.284,2.925,14.21,1001,1649,0
"2016-03-07 16:00:00",437,4.832,140.1,22.13,4.479,3.193,13.81,1001,1649,0
"2016-03-07 17:00:00",438,3.317,161.1,34.38,3.072,2.185,13.69,1001,1649,0
"2016-03-07 18:00:00",439,5.78,324.7,10.23,5.024,3.147,13.06,1001,1649,0
"2016-03-07 19:00:00",440,4.287,330.1,7.081,3.587,2.254,12.87,1001,1649,0
"2016-03-07 20:00:00",441,5.708,335.6,7.712,4.968,3.129,12.83,1001,1649,0
"2016-03-07 21:00:00",442,4.688,312.8,12.13,3.959,2.497,12.8,1001,1649,0
"2016-03-07 22:00:00",443,3.65,316.9,9.18,2.93,1.823,12.79,1001,1649,0
"2016-03-07 23:00:00",444,3.182,322.9,8.04,2.381,1.446,12.77,1001,1649,0
"2016-03-08 00:00:00",445,3.226,311.5,11.77,2.276,1.362,12.75,1001,1649,0
"2016-03-08 01:00:00",446,3.065,327.2,5.785,2.175,1.263,12.72,1001,1649,0
"2016-03-08 02:00:00",447,3.299,322.1,6.986,2.417,1.465,12.7,1001,1649,0
"2016-03-08 03:00:00",448,2.742,305.5,11.83,2.055,1.159,12.66,1001,1649,0
"2016-03-08 04:00:00",449,2.58,289.2,12.71,2.022,1.192,12.64,1001,1649,0
"2016-03-08 05:00:00",450,2.587,315.6,11.08,1.756,0.828,12.61,1001,1649,0
"2016-03-08 06:00:00",451,2.763,328.4,9.98,1.95,0.937,12.57,1001,1649,0
"2016-03-08 07:00:00",452,4.086,339.7,6.899,3.353,2.118,12.75,1001,1649,0
"2016-03-08 08:00:00",453,3.952,325.5,9.35,3.491,2.232,13.79,1001,1649,0
"2016-03-08 09:00:00",454,4.934,323.8,15.85,4.507,2.912,14.27,1001,1649,0
"2016-03-08 10:00:00",455,7.059,325.1,11.28,6.241,3.955,14.18,1001,1649,0
"2016-03-08 11:00:00",456,7.212,309.5,10.94,6.276,3.976,13.88,1001,1649,0
"2016-03-08 12:00:00",457,7.299,319.1,11.4,6.499,4.104,13.62,1001,1649,0
"2016-03-08 13:00:00",458,6.229,303.7,14.7,5.451,3.518,13.58,1001,1649,0
"2016-03-08 14:00:00",459,6.379,301.9,17.71,5.541,3.528,13.58,1001,1649,0
"2016-03-08 15:00:00",460,5.649,298.5,14.73,4.892,3.146,13.57,1001,1649,0
"2016-03-08 16:00:00",461,5.483,291.6,14.85,4.721,3.057,13.58,1001,1649,0
"2016-03-08 17:00:00",462,3.635,284.2,15.93,3.127,2.057,13.57,1001,1649,0
"2016-03-08 18:00:00",463,2.448,322.6,9.21,1.933,0.97,13.12,1001,1649,0
"2016-03-08 19:00:00",464,3.043,307.3,18.1,2.331,1.243,12.87,1001,1649,0
"2016-03-08 20:00:00",465,5.439,350.6,8.72,4.639,2.971,12.84,1001,1649,0
"2016-03-08 21:00:00",466,4.642,327.6,6.79,3.87,2.399,12.82,1001,1649,0
"2016-03-08 22:00:00",467,4.308,306.3,8.19,3.36,2.057,12.79,1001,1649,0
"2016-03-08 23:00:00",468,4.065,296.4,6.015,2.921,1.786,12.78,1001,1649,0
"2016-03-09 00:00:00",469,3.489,301.5,6.3,2.285,1.344,12.76,1001,1649,0
"2016-03-09 01:00:00",470,4.032,305,8.87,2.866,1.722,12.75,1001,1649,0
"2016-03-09 02:00:00",471,3.479,298.4,5.366,2.277,1.323,12.72,1001,1649,0
"2016-03-09 03:00:00",472,3.065,311.1,6.365,1.999,1.058,12.71,1001,1649,0
"2016-03-09 04:00:00",473,2.649,284.8,8.96,1.74,0.909,12.67,1001,1649,0
"2016-03-09 05:00:00",474,2.491,295.2,15.47,1.69,0.822,12.64,1001,1649,0
"2016-03-09 06:00:00",475,2.654,304.4,14.95,1.661,0.725,12.62,1001,1649,0
"2016-03-09 07:00:00",476,2.783,281.9,6.999,1.949,1.081,12.8,1001,1649,0
"2016-03-09 08:00:00",477,3.225,312.5,8.1,2.793,1.814,13.77,1001,1649,0
"2016-03-09 09:00:00",478,4.632,320.7,8.8,4.183,2.695,14.21,1001,1649,0
"2016-03-09 10:00:00",479,2.734,279.7,26.86,2.526,1.789,14.08,1001,1649,0
"2016-03-09 11:00:00",480,3.321,165.8,7.723,3.264,2.318,13.72,1001,1649,0
"2016-03-09 12:00:00",481,3.576,117.6,12.38,3.405,2.078,13.55,1001,1649,0
"2016-03-09 13:00:00",482,4.875,135.1,7.41,4.662,3.296,13.54,1001,1649,0
"2016-03-09 14:00:00",483,4.76,136.4,5.582,4.521,3.188,13.56,1001,1649,0
"2016-03-09 15:00:00",484,4.042,144.2,7.797,3.808,2.806,13.58,1001,1649,0
"2016-03-09 16:00:00",485,3.866,142.3,5.926,3.576,2.694,13.57,1001,1649,0
"2016-03-09 17:00:00",486,3.104,114.1,6.86,2.829,1.523,13.55,1001,1649,0
"2016-03-09 18:00:00",487,1.341,83.5,41.09,1.139,0.419,12.95,1001,1649,0
"2016-03-09 19:00:00",488,1.331,32.6,32.13,1.233,0.406,12.86,1001,1649,0
"2016-03-09 20:00:00",489,1.912,304.9,11.01,1.539,0.556,12.83,1001,1649,0
"2016-03-09 21:00:00",490,2.699,327,10.78,1.739,0.848,12.8,1001,1649,0
"2016-03-09 22:00:00",491,2.85,316.4,6.497,1.764,0.831,12.79,1001,1649,0
"2016-03-09 23:00:00",492,3.566,312.4,5.186,2.229,1.222,12.76,1001,1649,0
"2016-03-10 00:00:00",493,3.052,283.7,6.055,1.922,0.99,12.75,1001,1649,0
"2016-03-10 01:00:00",494,3.545,311.1,7.379,2.301,1.252,12.72,1001,1649,0
"2016-03-10 02:00:00",495,2.977,310,10.14,2.024,1.159,12.71,1001,1649,0
"2016-03-10 03:00:00",496,2.912,299.1,11.38,1.869,1.062,12.68,1001,1649,0
"2016-03-10 04:00:00",497,3.587,301.7,4.959,2.415,1.447,12.66,1001,1649,0
"2016-03-10 05:00:00",498,2.649,302.4,34.46,1.814,1.064,12.64,1001,1649,0
"2016-03-10 06:00:00",499,3.231,299.6,5.623,2.189,1.257,12.63,1001,1649,0
"2016-03-10 07:00:00",500,2.894,314.5,8.53,2.024,1.147,12.82,1001,1649,0
"2016-03-10 08:00:00",501,2.724,317,11.32,2.403,1.596,13.73,1001,1649,0
"2016-03-10 09:00:00",502,3.36,324.1,10.12,3.098,2.06,14.11,1001,1649,0
"2016-03-10 10:00:00",503,3.961,326.9,11.89,3.665,2.438,13.98,1001,1649,0
"2016-03-10 11:00:00",504,2.875,332.9,45.44,2.705,1.918,13.58,1001,1649,0
"2016-03-10 12:00:00",505,3.627,131,6.868,3.55,2.538,13.41,1001,1649,0
"2016-03-10 13:00:00",506,3.907,136.9,4.866,3.854,2.907,13.42,1001,1649,0
"2016-03-10 14:00:00",507,4.606,130.5,6.24,4.391,2.996,13.42,1001,1649,0
"2016-03-10 15:00:00",508,5.256,129.6,5.501,4.923,3.233,13.47,1001,1649,0
"2016-03-10 16:00:00",509,4.78,126.1,5.466,4.429,2.753,13.49,1001,1649,0
"2016-03-10 17:00:00",510,3.843,124.3,5.302,3.411,2.059,13.48,1001,1649,0
"2016-03-10 18:00:00",511,1.925,166.1,12.57,1.516,0.778,13.16,1001,1649,0
"2016-03-10 19:00:00",512,1.453,91.8,29.21,1.161,0.341,12.86,1001,1649,0
"2016-03-10 20:00:00",513,1.1,309.1,21,1.082,0.345,12.83,1001,1649,0
"2016-03-10 21:00:00",514,2.852,322.8,9.51,2.024,1.121,12.79,1001,1649,0
"2016-03-10 22:00:00",515,3.209,327.5,6.045,2.236,1.265,12.79,1001,1649,0
"2016-03-10 23:00:00",516,2.021,291.5,15.45,1.478,0.449,12.76,1001,1649,0
"2016-03-11 00:00:00",517,1.664,310.7,19.55,1.319,0.354,12.75,1001,1649,0
"2016-03-11 01:00:00",518,2.735,306.1,8.38,1.878,0.943,12.72,1001,1649,0
"2016-03-11 02:00:00",519,2.642,283.8,6.176,1.629,0.768,12.71,1001,1649,0
"2016-03-11 03:00:00",520,1.571,285.6,18.56,0.894,0.203,12.69,1001,1649,0
"2016-03-11 04:00:00",521,1.197,28.63,37.29,1.163,0.434,12.67,1001,1649,0
"2016-03-11 05:00:00",522,1.352,302,25.72,1.089,0.359,12.64,1001,1649,0
"2016-03-11 06:00:00",523,1.789,272.8,9.37,1.075,0.297,12.63,1001,1649,0
"2016-03-11 07:00:00",524,1.43,323.9,23.43,1.207,0.589,12.66,1001,1649,0
"2016-03-11 08:00:00",525,1.036,330.8,30.48,0.926,0.508,13.17,1001,1649,0
"2016-03-11 09:00:00",526,3.56,135.5,8.67,3.282,2.145,13.92,1001,1649,0
"2016-03-11 10:00:00",527,4.495,131,7.324,4.199,2.713,14.16,1001,1649,0
"2016-03-11 11:00:00",528,4.682,139.9,7.055,4.403,3.096,14.13,1001,1649,0
"2016-03-11 12:00:00",529,4.146,130.1,12.16,3.889,2.503,13.88,1001,1649,0
"2016-03-11 13:00:00",530,2.315,166.6,28.83,2.188,1.641,13.58,1001,1649,0
"2016-03-11 14:00:00",531,6.565,199.8,15.37,5.894,3.968,13.53,1001,1649,0
"2016-03-11 15:00:00",532,9.6,214.8,7.752,8.41,5.47,13.49,1001,1649,0
"2016-03-11 16:00:00",533,6.681,195.8,11.28,5.951,4.01,13.49,1001,1649,0
"2016-03-11 17:00:00",534,7.685,189.5,19.76,6.754,4.452,13.54,1001,1649,0
"2016-03-11 18:00:00",535,9.17,166.4,6.598,7.825,4.875,12.96,1001,1649,0
"2016-03-11 19:00:00",536,8.47,275.4,20.65,7.031,4.365,12.85,1001,1649,0
"2016-03-11 20:00:00",537,7.813,326.9,11.59,6.745,4.176,12.82,1001,1649,0
"2016-03-11 21:00:00",538,8.64,278.1,7.132,6.869,4.222,12.79,1001,1649,0
"2016-03-11 22:00:00",539,7.05,276.2,8.98,5.615,3.495,12.78,1001,1649,0
"2016-03-11 23:00:00",540,5.447,249.1,8.05,4.253,2.628,12.76,1001,1649,0
"2016-03-12 00:00:00",541,4.249,291.1,17.64,3.35,2.044,12.75,1001,1649,0
"2016-03-12 01:00:00",542,6.906,325.5,13.6,5.878,3.597,12.72,1001,1649,0
"2016-03-12 02:00:00",543,6.042,311.4,28.13,5.165,3.165,12.71,1001,1649,0
"2016-03-12 03:00:00",544,6.57,322.9,12.53,5.62,3.477,12.68,1001,1649,0
"2016-03-12 04:00:00",545,4.029,348.3,39.04,3.435,2.26,12.66,1001,1649,0
"2016-03-12 05:00:00",546,3.795,321.7,12.27,3.09,1.921,12.64,1001,1649,0
"2016-03-12 06:00:00",547,2.588,292.8,9.67,1.842,0.929,12.61,1001,1649,0
"2016-03-12 07:00:00",548,2.037,275.5,25.79,1.456,0.83,12.82,1001,1649,0
"2016-03-12 08:00:00",549,2.203,267.9,10.52,1.995,1.396,13.75,1001,1649,0
"2016-03-12 09:00:00",550,3.272,328.2,14.79,3.031,2.058,14.21,1001,1649,0
"2016-03-12 10:00:00",551,2.426,183,38.55,2.316,1.766,14.12,1001,1649,0
"2016-03-12 11:00:00",552,3.699,167.5,7.943,3.546,2.517,13.82,1001,1649,0
"2016-03-12 12:00:00",553,4.396,150.5,6.974,4.245,3.078,13.74,1001,1649,0
"2016-03-12 13:00:00",554,4.487,147.9,6.739,4.292,3.168,13.71,1001,1649,0
"2016-03-12 14:00:00",555,4.565,147.6,6.867,4.357,3.191,13.7,1001,1649,0
"2016-03-12 15:00:00",556,4.359,152,6.195,4.188,3.03,13.68,1001,1649,0
"2016-03-12 16:00:00",557,2.886,148.5,7.869,2.797,2.072,13.68,1001,1649,0
"2016-03-12 17:00:00",558,3.691,347.6,44.26,3.377,2.222,13.67,1001,1649,0
"2016-03-12 18:00:00",559,4.142,339.8,7.522,3.631,2.357,13.11,1001,1649,0
"2016-03-12 19:00:00",560,4.023,343.2,7.512,3.387,2.147,12.85,1001,1649,0
"2016-03-12 20:00:00",561,2.508,297.7,8.21,1.769,0.943,12.83,1001,1649,0
"2016-03-12 21:00:00",562,2.063,284,11.42,1.542,0.727,12.8,1001,1649,0
"2016-03-12 22:00:00",563,3.872,311.6,7.986,3.072,1.825,12.79,1001,1649,0
"2016-03-12 23:00:00",564,5.529,325.3,6.821,4.719,2.934,12.77,1001,1649,0
"2016-03-13 00:00:00",565,4.546,326.7,6.19,3.852,2.396,12.75,1001,1649,0
"2016-03-13 01:00:00",566,4.613,310.6,7.432,3.798,2.381,12.74,1001,1649,0
"2016-03-13 02:00:00",567,4.376,308.8,6.846,3.463,2.136,12.71,1001,1649,0
"2016-03-13 03:00:00",568,2.923,303.8,14.12,2.219,1.181,12.69,1001,1649,0
"2016-03-13 04:00:00",569,2.388,295.6,10.95,1.682,0.818,12.67,1001,1649,0
"2016-03-13 05:00:00",570,3.242,294.6,3.838,2.056,1.196,12.63,1001,1649,0
"2016-03-13 06:00:00",571,2.432,269.3,10.69,1.535,0.559,12.6,1001,1649,0
"2016-03-13 07:00:00",572,2.561,286.7,7.394,1.689,1.012,12.74,1001,1649,0
"2016-03-13 08:00:00",573,3.014,288.1,10.79,2.534,1.675,13.7,1001,1649,0
"2016-03-13 09:00:00",574,3.463,352.4,17.74,3.182,2.222,14.22,1001,1649,0
"2016-03-13 10:00:00",575,4.196,35.86,33.06,3.959,2.808,14.12,1001,1649,0
"2016-03-13 11:00:00",576,4.269,147.7,6.038,4.089,3.041,13.88,1001,1649,0
"2016-03-13 12:00:00",577,4.651,142.7,6.258,4.469,3.299,13.67,1001,1649,0
"2016-03-13 13:00:00",578,3.322,153.9,8.37,3.198,2.36,13.62,1001,1649,0
"2016-03-13 14:00:00",579,4.437,144,7.51,4.254,3.112,13.62,1001,1649,0
"2016-03-13 15:00:00",580,3.696,145.8,8.23,3.533,2.621,13.65,1001,1649,0
"2016-03-13 16:00:00",581,3.512,150.6,6.95,3.362,2.411,13.68,1001,1649,0
"2016-03-13 17:00:00",582,2.114,148.8,12.93,2.028,1.52,13.72,1001,1649,0
"2016-03-13 18:00:00",583,3.536,335,39.55,3.088,1.994,13.12,1001,1649,0
"2016-03-13 19:00:00",584,5.177,334.8,7.961,4.508,2.835,12.85,1001,1649,0
"2016-03-13 20:00:00",585,6.062,323.6,7.499,5.235,3.226,12.83,1001,1649,0
"2016-03-13 21:00:00",586,6.866,326.6,7.384,6.025,3.746,12.81,1001,1649,0
"2016-03-13 22:00:00",587,5.96,320.3,7.509,5.115,3.147,12.79,1001,1649,0
"2016-03-13 23:00:00",588,4.499,316.7,7.915,3.746,2.316,12.79,1001,1649,0
"2016-03-14 00:00:00",589,4.012,302.5,9.48,3.226,2.008,12.76,1001,1649,0
"2016-03-14 01:00:00",590,5.578,323,9.94,4.798,2.98,12.75,1001,1649,0
"2016-03-14 02:00:00",591,4.792,322.6,7.334,4.046,2.517,12.72,1001,1649,0
"2016-03-14 03:00:00",592,5.029,325.2,7.277,4.254,2.655,12.71,1001,1649,0
"2016-03-14 04:00:00",593,5.656,331.3,7.242,4.912,3.063,12.69,1001,1649,0
"2016-03-14 05:00:00",594,4.304,327,7.988,3.553,2.182,12.66,1001,1649,0
"2016-03-14 06:00:00",595,5.873,311.7,8.68,4.869,2.999,12.63,1001,1649,0
"2016-03-14 07:00:00",596,3.377,289.1,11.19,2.604,1.647,12.91,1001,1649,0
"2016-03-14 08:00:00",597,3.387,295.1,9.86,2.948,1.934,13.49,1001,1649,0
"2016-03-14 09:00:00",598,5.053,304.8,10.88,4.401,2.805,14.07,1001,1649,0
"2016-03-14 10:00:00",599,3.864,301.5,21.46,3.475,2.316,14.05,1001,1649,0
"2016-03-14 11:00:00",600,3.149,190.4,36.53,3.022,2.162,13.74,1001,1649,0
"2016-03-14 12:00:00",601,3.827,165.5,8.1,3.726,2.718,13.53,1001,1649,0
"2016-03-14 13:00:00",602,3.939,161.8,5.923,3.871,2.737,13.52,1001,1649,0
"2016-03-14 14:00:00",603,4.46,148,6.814,4.342,3.202,13.54,1001,1649,0
"2016-03-14 15:00:00",604,3.545,150,11.76,3.476,2.567,13.55,1001,1649,0
"2016-03-14 16:00:00",605,3.084,160.8,36.61,2.973,2.125,13.55,1001,1649,0
"2016-03-14 17:00:00",606,5.684,343.1,10.5,5.066,3.259,13.53,1001,1649,0
"2016-03-14 18:00:00",607,5.722,336.2,7.454,5.041,3.166,13.06,1001,1649,0
"2016-03-14 19:00:00",608,4.911,331.5,7.16,4.257,2.656,12.85,1001,1649,0
"2016-03-14 20:00:00",609,5.584,327.4,6.846,4.851,2.998,12.82,1001,1649,0
"2016-03-14 21:00:00",610,5.036,332.7,6.493,4.341,2.699,12.8,1001,1649,0
"2016-03-14 22:00:00",611,4.287,306.8,7.436,3.417,2.108,12.79,1001,1649,0
"2016-03-14 23:00:00",612,4.263,311.1,9.01,3.347,2.056,12.77,1001,1649,0
"2016-03-15 00:00:00",613,3.253,314.8,6.521,2.357,1.407,12.75,1001,1649,0
"2016-03-15 01:00:00",614,3.348,293.4,7.576,2.234,1.35,12.72,1001,1649,0
"2016-03-15 02:00:00",615,3.423,295.6,4.756,2.297,1.379,12.71,1001,1649,0
"2016-03-15 03:00:00",616,2.826,300.2,4.687,1.825,0.908,12.68,1001,1649,0
"2016-03-15 04:00:00",617,3.405,310.2,4.221,2.298,1.354,12.66,1001,1649,0
"2016-03-15 05:00:00",618,3.288,313.2,4.811,2.238,1.303,12.64,1001,1649,0
"2016-03-15 06:00:00",619,2.923,318.6,9.13,2.071,1.204,12.62,1001,1649,0
"2016-03-15 07:00:00",620,3.517,300.5,4.648,2.585,1.622,12.83,1001,1649,0
"2016-03-15 08:00:00",621,3.924,320.8,7.334,3.474,2.231,13.71,1001,1649,0
"2016-03-15 09:00:00",622,4.727,326.7,7.707,4.321,2.762,14.17,1001,1649,0
"2016-03-15 10:00:00",623,3.764,318.7,12.68,3.516,2.363,14.03,1001,1649,0
"2016-03-15 11:00:00",624,2.632,300.2,34.12,2.526,1.875,13.62,1001,1649,0
"2016-03-15 12:00:00",625,3.786,141.3,5.612,3.747,2.823,13.43,1001,1649,0
"2016-03-15 13:00:00",626,4.106,146.9,4.887,4.047,3.051,13.48,1001,1649,0
"2016-03-15 14:00:00",627,4.685,139.2,6.034,4.545,3.341,13.49,1001,1649,0
"2016-03-15 15:00:00",628,4.24,147.1,5.824,4.049,3.05,13.52,1001,1649,0
"2016-03-15 16:00:00",629,3.945,144.1,6.303,3.724,2.783,13.54,1001,1649,0
"2016-03-15 17:00:00",630,3.645,118.4,9.78,3.381,2.002,13.55,1001,1649,0
"2016-03-15 18:00:00",631,3.508,134.2,6.563,2.847,1.742,13.12,1001,1649,0
"2016-03-15 19:00:00",632,2.042,91.5,19.71,1.48,0.742,12.85,1001,1649,0
"2016-03-15 20:00:00",633,2.693,63.61,7.551,1.931,1.009,12.82,1001,1649,0
"2016-03-15 21:00:00",634,2.541,329.3,10.68,1.717,0.911,12.8,1001,1649,0
"2016-03-15 22:00:00",635,2.598,322.3,7.126,1.755,0.921,12.78,1001,1649,0
"2016-03-15 23:00:00",636,2.891,321.6,6.14,1.951,1.046,12.76,1001,1649,0
"2016-03-16 00:00:00",637,3.53,316.5,5.232,2.32,1.325,12.75,1001,1649,0
"2016-03-16 01:00:00",638,3.441,309.2,3.943,2.287,1.338,12.72,1001,1649,0
"2016-03-16 02:00:00",639,3.679,303.7,5.902,2.512,1.481,12.71,1001,1649,0
"2016-03-16 03:00:00",640,3.521,318.2,6.377,2.54,1.485,12.68,1001,1649,0
"2016-03-16 04:00:00",641,3.942,307.6,5.197,2.834,1.713,12.65,1001,1649,0
"2016-03-16 05:00:00",642,3.115,329.9,7.971,2.319,1.372,12.64,1001,1649,0
"2016-03-16 06:00:00",643,2.304,327.1,20.43,1.628,0.81,12.62,1001,1649,0
"2016-03-16 07:00:00",644,3.298,329.4,6.859,2.517,1.528,12.86,1001,1649,0
"2016-03-16 08:00:00",645,3.715,329.2,7.543,3.372,2.184,13.75,1001,1649,0
"2016-03-16 09:00:00",646,4.143,328.9,8.37,3.81,2.493,14.1,1001,1649,0
"2016-03-16 10:00:00",647,4.009,339.8,15.23,3.737,2.509,13.94,1001,1649,0
"2016-03-16 11:00:00",648,2.516,304.2,27.6,2.328,1.658,13.53,1001,1649,0
"2016-03-16 12:00:00",649,3.677,154.6,12.45,3.583,2.596,13.34,1001,1649,0
"2016-03-16 13:00:00",650,3.569,164.2,5.306,3.508,2.462,13.37,1001,1649,0
"2016-03-16 14:00:00",651,3.996,159.4,4.943,3.884,2.723,13.38,1001,1649,0
"2016-03-16 15:00:00",652,3.742,158.5,5.273,3.595,2.496,13.4,1001,1649,0
"2016-03-16 16:00:00",653,4.399,156.2,5.321,4.003,2.767,13.41,1001,1649,0
"2016-03-16 17:00:00",654,4.242,154.4,4.976,3.551,2.478,13.44,1001,1649,0
"2016-03-16 18:00:00",655,3.543,142.7,4.886,2.571,1.724,13.07,1001,1649,0
"2016-03-16 19:00:00",656,2.841,81.2,11.39,2.028,1.129,12.85,1001,1649,0
"2016-03-16 20:00:00",657,3.039,72.36,5.545,2.029,1.134,12.82,1001,1649,0
"2016-03-16 21:00:00",658,2.121,275,37.28,1.509,0.618,12.79,1001,1649,0
"2016-03-16 22:00:00",659,2.291,315.1,5.036,1.413,0.524,12.78,1001,1649,0
"2016-03-16 23:00:00",660,3.11,333.9,7.862,2.031,1.1,12.75,1001,1649,0
"2016-03-17 00:00:00",661,3.547,313.7,4.157,2.252,1.243,12.74,1001,1649,0
"2016-03-17 01:00:00",662,3.451,319.7,5.886,2.346,1.33,12.71,1001,1649,0
"2016-03-17 02:00:00",663,3.364,300.9,5.289,2.079,1.109,12.7,1001,1649,0
"2016-03-17 03:00:00",664,3.238,309.8,4.743,2.034,1.034,12.67,1001,1649,0
"2016-03-17 04:00:00",665,3.12,311.8,4.178,2.039,1.135,12.64,1001,1649,0
"2016-03-17 05:00:00",666,3.258,310.5,4.593,2.179,1.242,12.63,1001,1649,0
"2016-03-17 06:00:00",667,2.936,300.2,4.629,1.791,0.89,12.6,1001,1649,0
