"TOA5","1002","CR6","2606","CR6.Std.03","CPU:1002_METandSF_WR Update_20151217.CR6","8942","Hour"
"TIMESTAMP","RECORD","WS6m_ms_S_WVT","WD_6m_D1_WVT","WD_6m_SD1_WVT","WS_2m_Avg","WS_0m_Avg","BattV_Avg","site","snstsnmbr","sensitpc_Tot"
"TS","RN","meters/second","Deg","Deg","meters/second","meters/second","Volts","","",""
"","","WVc","WVc","WVc","Avg","Avg","Avg","Smp","Smp","Tot"
"2015-12-19 10:00:00",0,0,0,0,0,1.215,12.77,1002,7999,0
"2015-12-19 11:00:00",1,0,0,0,0,1.032,12.79,1002,7999,0
"2015-12-19 12:00:00",2,0.739,91.9,3.382,0.469,1.189,12.79,1002,7999,0
"2015-12-19 13:00:00",3,2.225,87.2,8.9,2.113,1.263,12.8,1002,7999,0
"2015-12-19 14:00:00",4,2.707,93.5,6.837,2.629,1.699,13.95,1002,7999,0
"2015-12-19 15:00:00",5,2.997,93.8,5.238,2.847,1.801,13.94,1002,7999,0
"2015-12-19 16:00:00",6,3.403,119.5,6.641,3.111,2.272,13.86,1002,7999,0
"2015-12-19 17:00:00",7,1.89,152.3,27.83,1.433,0.798,13.55,1002,7999,0
"2015-12-19 18:00:00",8,3.202,116.6,40.55,2.596,1.582,13.09,1002,7999,0
"2015-12-19 19:00:00",9,2.957,322.7,17.98,2.412,1.406,13.01,1002,7999,0
"2015-12-19 20:00:00",10,3.325,305.1,15.21,2.594,1.472,12.98,1002,7999,0
"2015-12-19 21:00:00",11,1.945,249.5,17.21,1.691,0.676,12.96,1002,7999,0
"2015-12-19 22:00:00",12,1.801,299.2,47.25,1.56,0.824,12.92,1002,7999,0
"2015-12-19 23:00:00",13,1.88,101.4,41.22,1.688,0.947,12.92,1002,7999,0
"2015-12-20 00:00:00",14,4.567,327.2,16.48,3.928,2.757,12.91,1002,7999,0
"2015-12-20 01:00:00",15,2.28,341.3,32.61,1.791,1.055,12.88,1002,7999,0
"2015-12-20 02:00:00",16,1.924,174.9,38.73,1.841,1.099,12.88,1002,7999,0
"2015-12-20 03:00:00",17,3.236,210.9,43.36,2.542,1.389,12.87,1002,7999,0
"2015-12-20 04:00:00",18,2.8,284.7,42.18,2.362,1.292,12.84,1002,7999,0
"2015-12-20 05:00:00",19,1.669,270.6,37.77,1.47,0.685,12.84,1002,7999,0
"2015-12-20 06:00:00",20,1.903,312.1,39.13,1.531,0.63,12.83,1002,7999,0
"2015-12-20 07:00:00",21,1.865,254.2,31.18,1.648,0.717,12.85,1002,7999,0
"2015-12-20 08:00:00",22,2.374,279,6.095,1.558,0.639,14.42,1002,7999,0
"2015-12-20 09:00:00",23,1.571,312.5,16.91,1.333,0.988,14.12,1002,7999,0
"2015-12-20 10:00:00",24,3.885,336.3,7.327,3.533,2.738,13.82,1002,7999,0
"2015-12-20 11:00:00",25,3.39,3.601,5.812,3.163,2.588,13.83,1002,7999,0
"2015-12-20 12:00:00",26,3.448,12.68,7.168,3.158,2.531,13.82,1002,7999,0
"2015-12-20 13:00:00",27,3.304,10.46,5.66,3.008,2.449,13.82,1002,7999,0
"2015-12-20 14:00:00",28,2.203,22.42,9.1,2.037,1.613,13.83,1002,7999,0
"2015-12-20 15:00:00",29,2.11,3.325,9.71,1.91,1.577,13.82,1002,7999,0
"2015-12-20 16:00:00",30,2.54,338.1,5.54,2.045,1.609,13.83,1002,7999,0
"2015-12-20 17:00:00",31,1.358,101.8,21.44,1.123,0.464,13.53,1002,7999,0
"2015-12-20 18:00:00",32,1.474,204.5,17.09,1.351,0.321,13.1,1002,7999,0
"2015-12-20 19:00:00",33,2.041,240.9,7.862,1.65,0.549,13.02,1002,7999,0
"2015-12-20 20:00:00",34,1.624,212,39.64,1.523,0.67,12.99,1002,7999,0
"2015-12-20 21:00:00",35,1.63,263.8,20.12,1.424,0.554,12.96,1002,7999,0
"2015-12-20 22:00:00",36,2.493,286.8,9.51,1.796,0.638,12.93,1002,7999,0
"2015-12-20 23:00:00",37,3.966,319,8.87,3.037,1.894,12.92,1002,7999,0
"2015-12-21 00:00:00",38,4.461,333.7,4.782,3.504,2.383,12.92,1002,7999,0
"2015-12-21 01:00:00",39,3.658,314.9,15.04,2.795,1.704,12.9,1002,7999,0
"2015-12-21 02:00:00",40,3.132,321.7,19.05,2.464,1.532,12.89,1002,7999,0
"2015-12-21 03:00:00",41,2.409,289.5,13.08,1.813,0.942,12.88,1002,7999,0
"2015-12-21 04:00:00",42,1.851,204.4,17.59,1.777,0.9,12.88,1002,7999,0
"2015-12-21 05:00:00",43,2.299,263.2,15.56,1.806,0.781,12.85,1002,7999,0
"2015-12-21 06:00:00",44,4.582,336.2,8.06,3.709,2.5,12.84,1002,7999,0
"2015-12-21 07:00:00",45,4.068,354.3,6.058,3.499,2.445,12.88,1002,7999,0
"2015-12-21 08:00:00",46,2.038,292.6,13.79,1.542,0.919,14.4,1002,7999,0
"2015-12-21 09:00:00",47,1.359,326.3,23.12,1.314,1.03,14.1,1002,7999,0
"2015-12-21 10:00:00",48,1.778,50.15,17.51,1.711,1.222,13.83,1002,7999,0
"2015-12-21 11:00:00",49,2.176,81.9,11.15,2.132,1.263,13.83,1002,7999,0
"2015-12-21 12:00:00",50,2.174,46.69,11.87,2.129,1.518,13.83,1002,7999,0
"2015-12-21 13:00:00",51,2.346,82,10.15,2.282,1.406,13.83,1002,7999,0
"2015-12-21 14:00:00",52,2.236,89.6,8.6,2.182,1.384,13.83,1002,7999,0
"2015-12-21 15:00:00",53,2.24,95.4,9.6,2.21,1.482,13.83,1002,7999,0
"2015-12-21 16:00:00",54,2.326,105.5,6.89,2.173,1.497,13.87,1002,7999,0
"2015-12-21 17:00:00",55,2.267,97.8,6.269,1.883,1.107,13.63,1002,7999,0
"2015-12-21 18:00:00",56,1.882,221.1,17.31,1.543,0.677,13.15,1002,7999,0
"2015-12-21 19:00:00",57,1.289,210,35.24,1.075,0.35,13.03,1002,7999,0
"2015-12-21 20:00:00",58,1.07,165.2,32.03,1.115,0.377,13,1002,7999,0
"2015-12-21 21:00:00",59,2.189,258.8,12.32,1.635,0.637,12.97,1002,7999,0
"2015-12-21 22:00:00",60,2.609,233.4,8.02,1.769,0.838,12.95,1002,7999,0
"2015-12-21 23:00:00",61,2.334,225.4,7.819,1.622,0.736,12.92,1002,7999,0
"2015-12-22 00:00:00",62,1.313,283.4,36.28,0.958,0.374,12.92,1002,7999,0
"2015-12-22 01:00:00",63,1.391,259.4,42.03,1.205,0.521,12.91,1002,7999,0
"2015-12-22 02:00:00",64,1.792,293,28.3,1.406,0.668,12.89,1002,7999,0
"2015-12-22 03:00:00",65,1.286,263.4,68.23,1.183,0.679,12.88,1002,7999,0
"2015-12-22 04:00:00",66,2.012,353.7,35.6,1.698,1.016,12.88,1002,7999,0
"2015-12-22 05:00:00",67,1.634,237,34.28,1.327,0.763,12.87,1002,7999,0
"2015-12-22 06:00:00",68,1.914,322.6,19.8,1.585,0.736,12.85,1002,7999,0
"2015-12-22 07:00:00",69,1.829,284.8,28.19,1.431,0.639,12.84,1002,7999,0
"2015-12-22 08:00:00",70,2.04,324.1,45.46,1.725,1.069,13.5,1002,7999,0
"2015-12-22 09:00:00",71,4.49,351.1,11.15,3.87,2.845,14.43,1002,7999,0
"2015-12-22 10:00:00",72,3.784,8.16,17.08,3.36,2.483,14.07,1002,7999,0
"2015-12-22 11:00:00",73,4.007,344.9,7.578,3.613,2.825,13.88,1002,7999,0
"2015-12-22 12:00:00",74,2.01,353,13.95,1.857,1.586,13.84,1002,7999,0
"2015-12-22 13:00:00",75,3.274,5.443,10.4,2.689,2.086,13.84,1002,7999,0
"2015-12-22 14:00:00",76,2.085,0.591,15.45,1.763,1.476,13.86,1002,7999,0
"2015-12-22 15:00:00",77,3.509,342.9,10.62,2.916,2.25,13.86,1002,7999,0
"2015-12-22 16:00:00",78,1.752,273.8,41.31,1.434,0.959,13.86,1002,7999,0
"2015-12-22 17:00:00",79,1.409,16.16,22.64,1.211,0.642,13.61,1002,7999,0
"2015-12-22 18:00:00",80,2.259,146.4,55.25,1.998,1.202,13.16,1002,7999,0
"2015-12-22 19:00:00",81,1.893,345.7,54.15,1.735,1.021,13.04,1002,7999,0
"2015-12-22 20:00:00",82,2.861,266.1,17.07,2.101,1.157,13,1002,7999,0
"2015-12-22 21:00:00",83,1.833,242.6,46.89,1.701,0.738,12.98,1002,7999,0
"2015-12-22 22:00:00",84,2.116,258.4,17.32,1.575,0.565,12.96,1002,7999,0
"2015-12-22 23:00:00",85,1.605,347.9,51.76,1.345,0.749,12.95,1002,7999,0
"2015-12-23 00:00:00",86,2.159,252.3,15.4,1.791,0.934,12.92,1002,7999,0
"2015-12-23 01:00:00",87,2.166,315.6,45.1,1.71,0.913,12.92,1002,7999,0
"2015-12-23 02:00:00",88,1.666,244.3,40.27,1.393,0.674,12.91,1002,7999,0
"2015-12-23 03:00:00",89,1.888,245.8,46.53,1.45,0.726,12.89,1002,7999,0
"2015-12-23 04:00:00",90,1.547,254,32.69,1.281,0.518,12.88,1002,7999,0
"2015-12-23 05:00:00",91,1.864,258.4,17.05,1.45,0.522,12.87,1002,7999,0
"2015-12-23 06:00:00",92,2.697,244.5,8.27,1.765,0.764,12.85,1002,7999,0
"2015-12-23 07:00:00",93,2.094,191.5,39.06,1.616,0.825,12.88,1002,7999,0
"2015-12-23 08:00:00",94,1.965,223.2,33.94,1.602,0.95,14.4,1002,7999,0
"2015-12-23 09:00:00",95,1.978,162.5,13.33,1.744,1.378,14.01,1002,7999,0
"2015-12-23 10:00:00",96,1.891,70,28.4,1.743,1.264,13.82,1002,7999,0
"2015-12-23 11:00:00",97,1.389,43.22,37.06,1.374,1.129,13.68,1002,7999,0
"2015-12-23 12:00:00",98,2.627,89,7.641,2.519,1.555,13.67,1002,7999,0
"2015-12-23 13:00:00",99,3.309,100.7,5.735,2.987,2.006,13.71,1002,7999,0
"2015-12-23 14:00:00",100,2.954,97.3,7.655,2.626,1.752,13.71,1002,7999,0
"2015-12-23 15:00:00",101,3.452,117.1,7.854,3.218,2.336,13.71,1002,7999,0
"2015-12-23 16:00:00",102,2.463,139.2,11.48,2.243,1.705,13.71,1002,7999,0
"2015-12-23 17:00:00",103,1.813,115.4,11.57,1.487,0.752,13.58,1002,7999,0
"2015-12-23 18:00:00",104,1.811,165.4,24.55,1.41,0.578,13.17,1002,7999,0
"2015-12-23 19:00:00",105,1.567,307.7,11.96,1.389,0.482,13.04,1002,7999,0
"2015-12-23 20:00:00",106,3.653,303.4,8.41,2.843,1.587,13,1002,7999,0
"2015-12-23 21:00:00",107,4.948,314.4,5.548,4.13,2.771,12.98,1002,7999,0
"2015-12-23 22:00:00",108,4.65,320.4,4.997,3.893,2.618,12.97,1002,7999,0
"2015-12-23 23:00:00",109,3.102,331.5,4.363,2.142,1.087,12.96,1002,7999,0
"2015-12-24 00:00:00",110,3.045,315.2,8.89,2.175,1.027,12.93,1002,7999,0
"2015-12-24 01:00:00",111,3.363,319.8,16.08,2.493,1.511,12.92,1002,7999,0
"2015-12-24 02:00:00",112,3.875,305.2,8.31,3.105,1.937,12.92,1002,7999,0
"2015-12-24 03:00:00",113,2.601,311.7,8.32,1.999,0.945,12.91,1002,7999,0
"2015-12-24 04:00:00",114,2.144,280.3,11.96,1.519,0.477,12.88,1002,7999,0
"2015-12-24 05:00:00",115,1.9,293.2,8.27,1.43,0.328,12.88,1002,7999,0
"2015-12-24 06:00:00",116,2.552,256.5,7.693,1.776,0.722,12.86,1002,7999,0
"2015-12-24 07:00:00",117,3.155,247.1,3.923,2.219,1.201,12.88,1002,7999,0
"2015-12-24 08:00:00",118,2.314,250.4,16.79,1.618,0.891,14.35,1002,7999,0
"2015-12-24 09:00:00",119,1.517,51.22,23.72,1.264,0.789,14.04,1002,7999,0
"2015-12-24 10:00:00",120,2.021,59.45,8.65,1.918,1.209,13.83,1002,7999,0
"2015-12-24 11:00:00",121,2.267,69.98,6.376,2.24,1.27,13.83,1002,7999,0
"2015-12-24 12:00:00",122,2.93,92.5,6.579,2.843,1.773,13.83,1002,7999,0
"2015-12-24 13:00:00",123,2.037,78.63,12.21,2.038,1.253,13.82,1002,7999,0
"2015-12-24 14:00:00",124,2.688,91.9,7.26,2.536,1.619,13.83,1002,7999,0
"2015-12-24 15:00:00",125,1.797,73.27,11.03,1.735,1.061,13.82,1002,7999,0
"2015-12-24 16:00:00",126,1.732,36.3,23.15,1.542,1.143,13.84,1002,7999,0
"2015-12-24 17:00:00",127,0.912,25.5,32.35,0.867,0.39,13.67,1002,7999,0
"2015-12-24 18:00:00",128,1.496,235.9,36.52,1.404,0.663,13.21,1002,7999,0
"2015-12-24 19:00:00",129,2.051,339.4,31.69,1.638,0.767,13.05,1002,7999,0
"2015-12-24 20:00:00",130,2.098,313.1,29.3,1.489,0.683,13,1002,7999,0
"2015-12-24 21:00:00",131,1.921,284.7,27.72,1.287,0.334,12.97,1002,7999,0
"2015-12-24 22:00:00",132,3.314,246.4,42,2.745,1.552,12.94,1002,7999,0
"2015-12-24 23:00:00",133,4.828,314.8,34.65,4.137,2.762,12.92,1002,7999,0
"2015-12-25 00:00:00",134,3.671,322.2,48,3.289,2.188,12.92,1002,7999,0
"2015-12-25 01:00:00",135,4.092,299.7,51.82,3.605,2.304,12.92,1002,7999,0
"2015-12-25 02:00:00",136,3.253,239.3,52.81,2.855,1.889,12.91,1002,7999,0
"2015-12-25 03:00:00",137,3.379,306.1,38.17,3.075,2.019,12.89,1002,7999,0
"2015-12-25 04:00:00",138,4.828,232.4,24.42,4.114,2.539,12.88,1002,7999,0
"2015-12-25 05:00:00",139,3.881,259.5,44.53,3.425,2.106,12.88,1002,7999,0
"2015-12-25 06:00:00",140,3.75,356.6,21.29,3.152,1.961,12.88,1002,7999,0
"2015-12-25 07:00:00",141,2.577,337.3,20.51,2.024,1.064,12.87,1002,7999,0
"2015-12-25 08:00:00",142,2.082,314.8,32.36,1.709,1.071,14.21,1002,7999,0
"2015-12-25 09:00:00",143,5.289,327.4,8.15,4.68,3.413,14.08,1002,7999,0
"2015-12-25 10:00:00",144,4.132,349.1,7.392,3.701,2.884,13.84,1002,7999,0
"2015-12-25 11:00:00",145,3.785,16.62,5.352,3.357,2.562,13.82,1002,7999,0
"2015-12-25 12:00:00",146,4.008,31.08,8.95,3.527,2.503,13.82,1002,7999,0
"2015-12-25 13:00:00",147,2.471,49.14,9.07,2.335,1.637,13.83,1002,7999,0
"2015-12-25 14:00:00",148,2.315,94.6,11.56,2.233,1.509,13.83,1002,7999,0
"2015-12-25 15:00:00",149,2.693,102.7,7.443,2.564,1.778,13.82,1002,7999,0
"2015-12-25 16:00:00",150,2.043,108.4,11.38,1.896,1.339,13.82,1002,7999,0
"2015-12-25 17:00:00",151,1.735,149.2,11.72,1.403,0.58,13.69,1002,7999,0
"2015-12-25 18:00:00",152,4.135,13.12,21.63,3.503,2.02,13.24,1002,7999,0
"2015-12-25 19:00:00",153,4.025,340.3,12.98,3.278,2.079,13.07,1002,7999,0
"2015-12-25 20:00:00",154,4.895,328.4,5.052,3.984,2.728,13,1002,7999,0
"2015-12-25 21:00:00",155,6.321,337.2,7.297,5.416,3.888,12.96,1002,7999,0
"2015-12-25 22:00:00",156,6.534,345.6,5.269,5.56,3.995,12.96,1002,7999,0
"2015-12-25 23:00:00",157,8.21,337.6,5.112,6.901,5.004,12.93,1002,7999,0
"2015-12-26 00:00:00",158,8.26,337.8,5.008,6.983,5.041,12.92,1002,7999,0
"2015-12-26 01:00:00",159,8.01,332.8,5.682,6.783,4.88,12.91,1002,7999,0
"2015-12-26 02:00:00",160,11.92,330.3,5.352,10.22,7.382,12.89,1002,7999,0
"2015-12-26 03:00:00",161,11.82,338.2,5.277,9.96,7.262,12.88,1002,7999,0
"2015-12-26 04:00:00",162,10.32,330.6,6.132,8.85,6.419,12.88,1002,7999,0
"2015-12-26 05:00:00",163,10.65,331.7,5.994,9.09,6.578,12.86,1002,7999,0
"2015-12-26 06:00:00",164,9.76,326.8,7.254,8.47,6.052,12.85,1002,7999,0
"2015-12-26 07:00:00",165,10.74,336.4,5.493,9.16,6.629,12.86,1002,7999,0
"2015-12-26 08:00:00",166,13.4,347.3,6.757,11.63,8.41,14.29,1002,7999,0
"2015-12-26 09:00:00",167,13.97,349.8,6.462,12.2,8.85,14.16,1002,7999,0
"2015-12-26 10:00:00",168,12.58,356,8.45,10.91,7.972,13.95,1002,7999,0
"2015-12-26 11:00:00",169,11.58,352.6,9.24,10.04,7.33,13.91,1002,7999,0
"2015-12-26 12:00:00",170,12.12,346.6,6.499,10.49,7.659,13.88,1002,7999,0
"2015-12-26 13:00:00",171,12.19,348.9,7.055,10.54,7.704,13.88,1002,7999,0
"2015-12-26 14:00:00",172,11.86,357.8,12,10.23,7.519,13.91,1002,7999,0
"2015-12-26 15:00:00",173,11.98,356.2,11.35,10.34,7.536,13.91,1002,7999,0
"2015-12-26 16:00:00",174,12.61,351.9,9.15,10.84,7.861,13.93,1002,7999,0
"2015-12-26 17:00:00",175,12.95,352.2,9.43,11.2,8.13,13.8,1002,7999,0
"2015-12-26 18:00:00",176,10.11,346.6,6.432,8.65,6.234,13.27,1002,7999,0
"2015-12-26 19:00:00",177,9.96,346.6,7.201,8.54,6.14,13.1,1002,7999,0
"2015-12-26 20:00:00",178,12.36,351.1,7.806,10.65,7.694,13,1002,7999,0
"2015-12-26 21:00:00",179,8.3,342.8,6.956,7.105,5.108,12.97,1002,7999,0
"2015-12-26 22:00:00",180,8.48,353.4,6.679,7.193,5.194,12.96,1002,7999,0
"2015-12-26 23:00:00",181,10.86,348.3,6.32,9.25,6.669,12.92,1002,7999,0
"2015-12-27 00:00:00",182,9.9,345,5.75,8.4,6.038,12.92,1002,7999,0
"2015-12-27 01:00:00",183,9.26,346.4,6.578,7.869,5.642,12.91,1002,7999,0
"2015-12-27 02:00:00",184,8.92,350.4,4.886,7.56,5.428,12.88,1002,7999,0
"2015-12-27 03:00:00",185,9.59,355.5,9.58,8.11,5.866,12.88,1002,7999,0
"2015-12-27 04:00:00",186,10.23,355.8,8.28,8.75,6.336,12.85,1002,7999,0
"2015-12-27 05:00:00",187,8.15,352,8.93,6.932,5.01,12.84,1002,7999,0
"2015-12-27 06:00:00",188,8.01,352.3,8.43,6.75,4.85,12.83,1002,7999,0
"2015-12-27 07:00:00",189,5.272,336.9,9.38,4.373,3.057,12.86,1002,7999,0
"2015-12-27 08:00:00",190,3.341,327,13.76,2.562,1.633,14.41,1002,7999,0
"2015-12-27 09:00:00",191,3.739,349.9,8.14,3.21,2.431,14.13,1002,7999,0
"2015-12-27 10:00:00",192,2.717,341.1,7.039,2.553,2.103,13.91,1002,7999,0
"2015-12-27 11:00:00",193,1.598,42.6,23.89,1.573,1.221,13.84,1002,7999,0
"2015-12-27 12:00:00",194,1.534,64.06,24.63,1.494,1.058,13.83,1002,7999,0
"2015-12-27 13:00:00",195,1.669,63.42,29.54,1.605,1.134,13.82,1002,7999,0
"2015-12-27 14:00:00",196,1.48,73.48,14.19,1.453,0.949,13.83,1002,7999,0
"2015-12-27 15:00:00",197,1.709,91,24.11,1.668,1.128,13.84,1002,7999,0
"2015-12-27 16:00:00",198,2.632,163.1,11.53,2.395,1.786,13.87,1002,7999,0
"2015-12-27 17:00:00",199,2.845,174,6.654,2.366,1.592,13.76,1002,7999,0
"2015-12-27 18:00:00",200,2.796,199.1,3.074,1.863,0.946,13.27,1002,7999,0
"2015-12-27 19:00:00",201,1.824,205.5,27.85,1.425,0.488,13.08,1002,7999,0
"2015-12-27 20:00:00",202,1.495,166.9,39.83,1.18,0.403,12.99,1002,7999,0
"2015-12-27 21:00:00",203,1.697,157.8,10.95,1.5,0.477,12.94,1002,7999,0
"2015-12-27 22:00:00",204,1.594,187.5,33.03,1.533,0.6,12.92,1002,7999,0
"2015-12-27 23:00:00",205,2.219,326.1,19.22,1.588,0.569,12.9,1002,7999,0
"2015-12-28 00:00:00",206,1.912,282.4,13.6,1.719,0.576,12.88,1002,7999,0
"2015-12-28 01:00:00",207,2.243,293,10.31,1.657,0.366,12.85,1002,7999,0
"2015-12-28 02:00:00",208,1.959,287.7,7.13,1.582,0.275,12.83,1002,7999,0
"2015-12-28 03:00:00",209,2.619,297.8,14.11,2,0.978,12.8,1002,7999,0
"2015-12-28 04:00:00",210,1.731,244.5,18.46,1.52,0.661,12.78,1002,7999,0
"2015-12-28 05:00:00",211,1.78,264.9,14.58,1.698,0.627,12.76,1002,7999,0
"2015-12-28 06:00:00",212,1.75,292.6,28.3,1.554,0.664,12.76,1002,7999,0
"2015-12-28 07:00:00",213,2.084,200.3,7.829,1.713,0.659,12.75,1002,7999,0
"2015-12-28 08:00:00",214,2.197,243.9,8.84,1.583,0.643,13.98,1002,7999,0
"2015-12-28 09:00:00",215,2.19,302.9,11.25,1.817,1.279,14.61,1002,7999,0
"2015-12-28 10:00:00",216,3.241,340.1,6.229,2.986,2.35,14.11,1002,7999,0
"2015-12-28 11:00:00",217,1.925,357.1,12.37,1.867,1.588,14,1002,7999,0
"2015-12-28 12:00:00",218,1.722,63.68,12.97,1.672,1.135,13.89,1002,7999,0
"2015-12-28 13:00:00",219,2.726,76.42,7.525,2.663,1.439,13.91,1002,7999,0
"2015-12-28 14:00:00",220,3.124,96,8.13,2.945,1.959,13.95,1002,7999,0
"2015-12-28 15:00:00",221,3.192,96.4,5.346,3,1.947,13.95,1002,7999,0
"2015-12-28 16:00:00",222,3.222,103.8,7.705,2.894,1.937,13.98,1002,7999,0
"2015-12-28 17:00:00",223,2.842,128.7,11.59,2.186,1.476,13.83,1002,7999,0
"2015-12-28 18:00:00",224,1.301,206,42.97,1.147,0.521,13.29,1002,7999,0
"2015-12-28 19:00:00",225,1.772,287.6,15.85,1.417,0.475,13.12,1002,7999,0
"2015-12-28 20:00:00",226,4.07,334.7,8.1,3.3,2.26,13.01,1002,7999,0
"2015-12-28 21:00:00",227,4.662,339,8.77,3.871,2.761,12.96,1002,7999,0
"2015-12-28 22:00:00",228,7.458,340.8,5.141,6.364,4.619,12.94,1002,7999,0
"2015-12-28 23:00:00",229,8.64,11.82,7.461,7.395,5.182,12.92,1002,7999,0
"2015-12-29 00:00:00",230,5.694,351.5,9.58,4.883,3.495,12.9,1002,7999,0
"2015-12-29 01:00:00",231,3.099,325.6,5.622,2.419,1.511,12.88,1002,7999,0
"2015-12-29 02:00:00",232,4.796,343.9,5.233,4.044,2.835,12.86,1002,7999,0
"2015-12-29 03:00:00",233,5.057,326.7,5.309,4.281,3.009,12.84,1002,7999,0
"2015-12-29 04:00:00",234,3.49,326,9.97,2.834,1.768,12.81,1002,7999,0
"2015-12-29 05:00:00",235,4.439,344.5,17.82,3.661,2.522,12.81,1002,7999,0
"2015-12-29 06:00:00",236,2.207,287.9,20.4,1.926,0.918,12.78,1002,7999,0
"2015-12-29 07:00:00",237,2.503,272.4,16.71,2.052,0.851,12.8,1002,7999,0
"2015-12-29 08:00:00",238,2.239,233.4,16.62,1.763,0.876,14.42,1002,7999,0
"2015-12-29 09:00:00",239,1.658,341.2,26.15,1.455,1.111,14.15,1002,7999,0
"2015-12-29 10:00:00",240,2.539,4.535,5.041,2.384,1.992,13.87,1002,7999,0
"2015-12-29 11:00:00",241,1.588,71.33,25.86,1.54,1.132,13.83,1002,7999,0
"2015-12-29 12:00:00",242,1.872,63.93,19.76,1.878,1.258,13.83,1002,7999,0
"2015-12-29 13:00:00",243,1.572,33.41,15.53,1.545,1.166,13.83,1002,7999,0
"2015-12-29 14:00:00",244,2.807,95.1,9.79,2.689,1.847,13.83,1002,7999,0
"2015-12-29 15:00:00",245,3.085,108,9.52,2.874,2.009,13.85,1002,7999,0
"2015-12-29 16:00:00",246,2.851,154.6,11.76,2.617,1.933,13.86,1002,7999,0
"2015-12-29 17:00:00",247,2.795,181.5,5.926,2.186,1.348,13.72,1002,7999,0
"2015-12-29 18:00:00",248,2.17,170,11.62,1.697,0.751,13.25,1002,7999,0
"2015-12-29 19:00:00",249,2.645,209.5,5.62,1.768,0.733,13.07,1002,7999,0
"2015-12-29 20:00:00",250,2.983,189.3,7.073,2.075,1.118,12.98,1002,7999,0
"2015-12-29 21:00:00",251,3.119,148.8,7.318,2.243,1.239,12.95,1002,7999,0
"2015-12-29 22:00:00",252,3.217,151.4,4.53,2.266,1.301,12.92,1002,7999,0
"2015-12-29 23:00:00",253,2.666,201.7,9.81,1.813,0.766,12.9,1002,7999,0
"2015-12-30 00:00:00",254,2.146,275.1,7.918,1.46,0.287,12.88,1002,7999,0
"2015-12-30 01:00:00",255,1.753,257,8.68,1.232,0.215,12.85,1002,7999,0
"2015-12-30 02:00:00",256,1.705,300.8,26.38,1.527,0.513,12.83,1002,7999,0
"2015-12-30 03:00:00",257,2.261,291.1,7.611,1.705,0.358,12.8,1002,7999,0
"2015-12-30 04:00:00",258,2.011,275.9,11.63,1.48,0.423,12.78,1002,7999,0
"2015-12-30 05:00:00",259,4.567,333.3,12.06,3.662,2.468,12.76,1002,7999,0
"2015-12-30 06:00:00",260,5.664,350.1,4.983,4.813,3.411,12.77,1002,7999,0
"2015-12-30 07:00:00",261,1.817,245.6,27.59,1.484,0.757,12.78,1002,7999,0
"2015-12-30 08:00:00",262,1.584,23.55,25.33,1.407,0.924,14.39,1002,7999,0
"2015-12-30 09:00:00",263,1.292,324.2,24.2,1.202,0.939,14.22,1002,7999,0
"2015-12-30 10:00:00",264,2.198,350.1,10.93,2.133,1.8,13.93,1002,7999,0
"2015-12-30 11:00:00",265,2.034,28.79,9.17,1.99,1.573,13.87,1002,7999,0
"2015-12-30 12:00:00",266,2.21,72.1,8.48,2.147,1.324,13.87,1002,7999,0
"2015-12-30 13:00:00",267,2.769,90.2,7.231,2.652,1.674,13.88,1002,7999,0
"2015-12-30 14:00:00",268,3.575,97,6.154,3.337,2.212,13.91,1002,7999,0
"2015-12-30 15:00:00",269,3.568,98.9,5.274,3.283,2.141,13.9,1002,7999,0
"2015-12-30 16:00:00",270,2.664,104.7,6.739,2.367,1.57,13.91,1002,7999,0
"2015-12-30 17:00:00",271,1.94,113.2,3.34,1.5,0.634,13.78,1002,7999,0
"2015-12-30 18:00:00",272,1.153,233.4,15.33,1.154,0.147,13.27,1002,7999,0
"2015-12-30 19:00:00",273,1.842,284.4,5.314,1.521,0.254,13.1,1002,7999,0
"2015-12-30 20:00:00",274,2.297,267.1,3.594,1.677,0.374,12.99,1002,7999,0
"2015-12-30 21:00:00",275,2.207,263.2,7.245,1.691,0.44,12.94,1002,7999,0
"2015-12-30 22:00:00",276,1.954,263.1,9.57,1.566,0.323,12.92,1002,7999,0
"2015-12-30 23:00:00",277,1.559,269,12.6,1.479,0.403,12.89,1002,7999,0
"2015-12-31 00:00:00",278,2.181,300.5,13.38,1.764,0.611,12.87,1002,7999,0
"2015-12-31 01:00:00",279,2.836,301.9,9.76,2.109,0.994,12.84,1002,7999,0
"2015-12-31 02:00:00",280,2.739,295.3,9.15,2.053,0.94,12.83,1002,7999,0
"2015-12-31 03:00:00",281,5.305,333.5,5.151,4.324,2.992,12.8,1002,7999,0
"2015-12-31 04:00:00",282,5.558,347.2,4.614,4.631,3.269,12.79,1002,7999,0
"2015-12-31 05:00:00",283,3.967,346.4,17.07,3.345,2.266,12.77,1002,7999,0
"2015-12-31 06:00:00",284,5.105,339.8,12.9,4.189,2.899,12.76,1002,7999,0
"2015-12-31 07:00:00",285,3.728,317,14.76,2.994,2.004,12.77,1002,7999,0
"2015-12-31 08:00:00",286,4.525,325.3,4.809,3.695,2.54,14.18,1002,7999,0
"2015-12-31 09:00:00",287,5.371,334.1,5.674,4.632,3.403,14.2,1002,7999,0
"2015-12-31 10:00:00",288,5.514,337.8,4.877,4.764,3.606,13.91,1002,7999,0
"2015-12-31 11:00:00",289,4.311,347.1,5.785,3.755,2.964,13.85,1002,7999,0
"2015-12-31 12:00:00",290,3.283,9.67,6.866,2.808,2.292,13.83,1002,7999,0
"2015-12-31 13:00:00",291,2.135,21.14,9.76,1.971,1.62,13.82,1002,7999,0
"2015-12-31 14:00:00",292,2.517,73.22,17.23,2.371,1.559,13.82,1002,7999,0
"2015-12-31 15:00:00",293,2.054,83.1,24.98,1.956,1.314,13.83,1002,7999,0
"2015-12-31 16:00:00",294,2.918,6.222,18.79,2.392,1.804,13.83,1002,7999,0
"2015-12-31 17:00:00",295,3.712,3.067,8.25,2.939,2.025,13.73,1002,7999,0
"2015-12-31 18:00:00",296,2.761,352.5,11.5,2.108,1.166,13.25,1002,7999,0
"2015-12-31 19:00:00",297,3.495,312.8,9.37,2.679,1.525,13.07,1002,7999,0
"2015-12-31 20:00:00",298,3.717,330.1,4.559,2.79,1.594,12.99,1002,7999,0
"2015-12-31 21:00:00",299,4.667,329.4,4.154,3.727,2.522,12.96,1002,7999,0
"2015-12-31 22:00:00",300,5.123,326.4,4.592,4.166,2.82,12.92,1002,7999,0
"2015-12-31 23:00:00",301,6.396,333.3,4.473,5.359,3.837,12.91,1002,7999,0
"2016-01-01 00:00:00",302,6.111,332.5,5.004,5.161,3.703,12.89,1002,7999,0
"2016-01-01 01:00:00",303,6.979,336.1,4.974,5.838,4.206,12.88,1002,7999,0
"2016-01-01 02:00:00",304,6.991,340.3,4.337,5.886,4.221,12.87,1002,7999,0
"2016-01-01 03:00:00",305,5.631,331.3,5.615,4.705,3.336,12.84,1002,7999,0
"2016-01-01 04:00:00",306,6.431,334.6,4.734,5.374,3.865,12.83,1002,7999,0
"2016-01-01 05:00:00",307,6.357,334.4,4.637,5.3,3.799,12.8,1002,7999,0
"2016-01-01 06:00:00",308,4.909,329.8,5.078,3.969,2.743,12.79,1002,7999,0
"2016-01-01 07:00:00",309,4.799,334.1,5.004,3.849,2.663,12.81,1002,7999,0
"2016-01-01 08:00:00",310,5.175,341.8,5.031,4.254,3.055,14.33,1002,7999,0
"2016-01-01 09:00:00",311,4.635,346.3,6.318,3.938,2.953,14.16,1002,7999,0
"2016-01-01 10:00:00",312,4.347,343.7,5.495,3.833,2.967,13.9,1002,7999,0
"2016-01-01 11:00:00",313,3.533,358.1,6.897,3.145,2.546,13.86,1002,7999,0
"2016-01-01 12:00:00",314,2.437,51.14,8.87,2.311,1.668,13.86,1002,7999,0
"2016-01-01 13:00:00",315,1.831,65.1,10.96,1.807,1.21,13.83,1002,7999,0
"2016-01-01 14:00:00",316,1.231,19.84,13.84,1.209,1.046,13.83,1002,7999,0
"2016-01-01 15:00:00",317,1.2,11.18,12.52,1.174,1.036,13.82,1002,7999,0
"2016-01-01 16:00:00",318,0.791,37.41,10.11,0.812,0.588,13.82,1002,7999,0
"2016-01-01 17:00:00",319,1.124,127,8.96,0.932,0.253,13.75,1002,7999,0
"2016-01-01 18:00:00",320,1.855,203.4,5.895,1.492,0.422,13.26,1002,7999,0
"2016-01-01 19:00:00",321,2.358,199.7,28.42,1.775,0.786,13.08,1002,7999,0
"2016-01-01 20:00:00",322,2.481,185.1,5.313,1.726,0.783,12.98,1002,7999,0
"2016-01-01 21:00:00",323,1.797,235.7,10.65,1.34,0.317,12.94,1002,7999,0
"2016-01-01 22:00:00",324,1.557,264.6,7.144,1.545,0.419,12.92,1002,7999,0
"2016-01-01 23:00:00",325,2.649,240.5,3.018,1.725,0.68,12.89,1002,7999,0
"2016-01-02 00:00:00",326,1.239,294.7,24.49,1.128,0.289,12.89,1002,7999,0
"2016-01-02 01:00:00",327,1.613,255.2,11.92,1.554,0.468,12.85,1002,7999,0
"2016-01-02 02:00:00",328,1.651,260.6,7.287,1.589,0.426,12.84,1002,7999,0
"2016-01-02 03:00:00",329,1.9,292.9,7.277,1.428,0.354,12.8,1002,7999,0
"2016-01-02 04:00:00",330,3.51,326.3,13.85,2.765,1.737,12.79,1002,7999,0
"2016-01-02 05:00:00",331,3.643,318.3,13.52,2.865,1.821,12.76,1002,7999,0
"2016-01-02 06:00:00",332,4.571,323.6,10.46,3.595,2.4,12.77,1002,7999,0
"2016-01-02 07:00:00",333,1.976,214.6,34.04,1.636,0.941,12.79,1002,7999,0
"2016-01-02 08:00:00",334,1.715,226,39.21,1.431,0.848,14.4,1002,7999,0
"2016-01-02 09:00:00",335,1.255,95.6,44.61,1.146,0.904,14.27,1002,7999,0
"2016-01-02 10:00:00",336,1.303,21.41,14.63,1.309,1.088,13.9,1002,7999,0
"2016-01-02 11:00:00",337,2.729,17.16,5.247,2.59,2.108,13.85,1002,7999,0
"2016-01-02 12:00:00",338,2.351,5.62,7.854,2.304,1.972,13.83,1002,7999,0
"2016-01-02 13:00:00",339,1.248,29.45,13.99,1.181,0.955,13.83,1002,7999,0
"2016-01-02 14:00:00",340,1.338,34.28,12.91,1.28,1.018,13.83,1002,7999,0
"2016-01-02 15:00:00",341,1.604,29.76,10.36,1.512,1.198,13.83,1002,7999,0
"2016-01-02 16:00:00",342,1.647,57.51,7.495,1.384,0.912,13.83,1002,7999,0
"2016-01-02 17:00:00",343,2.016,140.7,6.66,1.542,0.847,13.75,1002,7999,0
"2016-01-02 18:00:00",344,2.193,224.3,5.322,1.725,0.662,13.26,1002,7999,0
"2016-01-02 19:00:00",345,1.823,226.2,5.128,1.456,0.244,13.08,1002,7999,0
"2016-01-02 20:00:00",346,1.772,271,15.18,1.317,0.34,12.99,1002,7999,0
"2016-01-02 21:00:00",347,1.526,311.2,12.54,1.171,0.199,12.95,1002,7999,0
"2016-01-02 22:00:00",348,2.076,205.6,6.93,1.539,0.47,12.92,1002,7999,0
"2016-01-02 23:00:00",349,1.247,176.2,25.01,1.129,0.433,12.9,1002,7999,0
"2016-01-03 00:00:00",350,0.973,220.8,18.53,1.282,0.394,12.89,1002,7999,0
"2016-01-03 01:00:00",351,1.688,211.6,8.18,1.041,0.326,12.86,1002,7999,0
"2016-01-03 02:00:00",352,1.14,266.1,18.65,1.131,0.242,12.84,1002,7999,0
"2016-01-03 03:00:00",353,1.238,245.3,11.57,1.372,0.36,12.81,1002,7999,0
"2016-01-03 04:00:00",354,1.305,293.1,19.74,1.189,0.397,12.79,1002,7999,0
"2016-01-03 05:00:00",355,1.729,261.4,18.6,1.344,0.518,12.77,1002,7999,0
"2016-01-03 06:00:00",356,2.289,197.4,6.745,1.529,0.535,12.77,1002,7999,0
"2016-01-03 07:00:00",357,1.267,252,16.42,1.244,0.381,12.77,1002,7999,0
"2016-01-03 08:00:00",358,1.555,245,32.12,1.042,0.429,13.7,1002,7999,0
"2016-01-03 09:00:00",359,1.826,46.43,17.03,1.629,1.18,14.46,1002,7999,0
"2016-01-03 10:00:00",360,2.595,346.2,7.807,2.511,2.081,13.89,1002,7999,0
"2016-01-03 11:00:00",361,1.97,32.71,11.78,1.945,1.54,13.86,1002,7999,0
"2016-01-03 12:00:00",362,2.153,89.6,6.969,2.179,1.372,13.86,1002,7999,0
"2016-01-03 13:00:00",363,2.066,93.1,5.795,2.123,1.392,13.85,1002,7999,0
"2016-01-03 14:00:00",364,1.704,71.96,9.2,1.741,1.082,13.83,1002,7999,0
"2016-01-03 15:00:00",365,2.021,108.3,13.19,1.936,1.407,13.82,1002,7999,0
"2016-01-03 16:00:00",366,2.383,100.3,19.04,2.059,1.342,13.84,1002,7999,0
"2016-01-03 17:00:00",367,1.808,123.2,12.89,1.469,1.001,13.73,1002,7999,0
"2016-01-03 18:00:00",368,1.855,206.7,17.3,1.537,0.635,13.24,1002,7999,0
"2016-01-03 19:00:00",369,2.398,240,6.687,1.597,0.628,13.07,1002,7999,0
"2016-01-03 20:00:00",370,1.903,201.6,6.949,1.5,0.399,12.99,1002,7999,0
"2016-01-03 21:00:00",371,1.865,223.3,45.9,1.654,0.746,12.96,1002,7999,0
"2016-01-03 22:00:00",372,1.567,286.6,13.28,1.378,0.319,12.93,1002,7999,0
"2016-01-03 23:00:00",373,0.997,335.6,36.72,0.753,0.21,12.92,1002,7999,0
"2016-01-04 00:00:00",374,1.329,292.7,35.33,1.124,0.485,12.89,1002,7999,0
"2016-01-04 01:00:00",375,1.143,342.7,29.26,0.711,0.271,12.88,1002,7999,0
"2016-01-04 02:00:00",376,1.775,320.7,24.03,1.426,0.855,12.85,1002,7999,0
"2016-01-04 03:00:00",377,2.416,197,15.19,2,1.297,12.84,1002,7999,0
"2016-01-04 04:00:00",378,2.443,224.6,7.026,1.802,1.129,12.82,1002,7999,0
"2016-01-04 05:00:00",379,4.054,135.1,26.91,3.406,2.208,12.81,1002,7999,0
"2016-01-04 06:00:00",380,2.624,180.5,11.52,2.305,1.629,12.8,1002,7999,0
"2016-01-04 07:00:00",381,1.942,198.1,11.28,1.645,1.093,12.8,1002,7999,0
"2016-01-04 08:00:00",382,1.275,246.3,13.16,1.037,0.57,13.02,1002,7999,0
"2016-01-04 09:00:00",383,1.208,280.3,15.18,1.16,0.859,14.26,1002,7999,0
"2016-01-04 10:00:00",384,1.324,193,16.49,1.241,0.963,14.33,1002,7999,0
"2016-01-04 11:00:00",385,1.405,188.3,26.7,1.316,1.057,13.9,1002,7999,0
"2016-01-04 12:00:00",386,1.766,191,21.97,1.671,1.305,13.88,1002,7999,0
"2016-01-04 13:00:00",387,1.543,204.4,41.03,1.455,1.06,13.85,1002,7999,0
"2016-01-04 14:00:00",388,2.367,87.9,8.41,2.242,1.359,13.83,1002,7999,0
"2016-01-04 15:00:00",389,2.945,93.4,5.828,2.741,1.727,13.88,1002,7999,0
"2016-01-04 16:00:00",390,3.177,124.8,6.211,2.93,2.166,13.9,1002,7999,0
"2016-01-04 17:00:00",391,2.274,168.4,7.602,2.044,1.504,13.69,1002,7999,0
"2016-01-04 18:00:00",392,2.028,175.5,9.59,1.727,1.211,13.23,1002,7999,0
"2016-01-04 19:00:00",393,2.56,137.4,8.86,2.153,1.592,13.07,1002,7999,0
"2016-01-04 20:00:00",394,1.99,175.5,6.366,1.588,1.105,12.99,1002,7999,0
"2016-01-04 21:00:00",395,1.426,155,7.213,0.98,0.427,12.96,1002,7999,0
"2016-01-04 22:00:00",396,1.79,166.3,9.29,1.352,0.771,12.94,1002,7999,0
"2016-01-04 23:00:00",397,2.446,188.2,6.473,2.067,1.456,12.92,1002,7999,0
"2016-01-05 00:00:00",398,2.331,159.8,7.743,1.95,1.402,12.91,1002,7999,0
"2016-01-05 01:00:00",399,1.009,123.8,6.843,0.588,0.354,12.88,1002,7999,0
"2016-01-05 02:00:00",400,0.612,233.9,17.48,0.538,0.138,12.88,1002,7999,0
"2016-01-05 03:00:00",401,1.14,265.4,5.638,0.767,0.265,12.85,1002,7999,0
"2016-01-05 04:00:00",402,1.136,262.2,8.46,0.858,0.204,12.84,1002,7999,0
"2016-01-05 05:00:00",403,0.643,169.1,14.87,0.406,0.087,12.81,1002,7999,0
"2016-01-05 06:00:00",404,0.805,348.7,9.95,0.602,0.221,12.8,1002,7999,0
"2016-01-05 07:00:00",405,1.061,271.4,16.21,0.939,0.414,12.8,1002,7999,0
"2016-01-05 08:00:00",406,1.116,185,23.95,0.929,0.595,12.97,1002,7999,0
"2016-01-05 09:00:00",407,1.18,7.579,30.57,1.087,0.731,13.66,1002,7999,0
"2016-01-05 10:00:00",408,1.282,124,37.27,1.188,0.822,14.41,1002,7999,0
"2016-01-05 11:00:00",409,3.521,138.1,7.564,3.213,2.414,14.19,1002,7999,0
"2016-01-05 12:00:00",410,4.618,123.7,6.575,4.252,3.171,13.98,1002,7999,0
"2016-01-05 13:00:00",411,3.962,136,9.59,3.645,2.753,13.94,1002,7999,0
"2016-01-05 14:00:00",412,3.582,114.8,9.01,3.287,2.348,13.97,1002,7999,0
"2016-01-05 15:00:00",413,3.059,125,6.542,2.795,2.115,13.98,1002,7999,0
"2016-01-05 16:00:00",414,3.247,172.8,8.86,2.869,2.067,14,1002,7999,0
"2016-01-05 17:00:00",415,3.347,160.4,7.877,2.965,2.148,13.69,1002,7999,0
"2016-01-05 18:00:00",416,2.257,188.9,13.41,1.951,1.417,13.24,1002,7999,0
"2016-01-05 19:00:00",417,2.434,215,11.69,2.059,1.422,13.07,1002,7999,0
"2016-01-05 20:00:00",418,3.934,211,15.89,3.349,2.387,12.99,1002,7999,0
"2016-01-05 21:00:00",419,4.829,343.5,7.042,4.207,3.122,12.95,1002,7999,0
"2016-01-05 22:00:00",420,3.637,336.7,11.14,3.069,2.219,12.93,1002,7999,0
"2016-01-05 23:00:00",421,2.177,316.5,21.79,1.74,0.962,12.92,1002,7999,0
"2016-01-06 00:00:00",422,1.575,267.3,43.76,1.433,0.751,12.9,1002,7999,0
"2016-01-06 01:00:00",423,1.92,262.7,62.1,1.647,0.952,12.88,1002,7999,0
"2016-01-06 02:00:00",424,2.258,320.1,44.89,1.833,1.025,12.85,1002,7999,0
"2016-01-06 03:00:00",425,1.296,148.2,32.01,1.165,0.481,12.83,1002,7999,0
"2016-01-06 04:00:00",426,2.01,279.5,27.06,1.677,0.857,12.8,1002,7999,0
"2016-01-06 05:00:00",427,2.996,343.9,15.74,2.428,1.289,12.78,1002,7999,0
"2016-01-06 06:00:00",428,1.917,153.8,46.89,1.559,0.83,12.76,1002,7999,0
"2016-01-06 07:00:00",429,1.69,239.7,62.47,1.526,0.888,12.78,1002,7999,0
"2016-01-06 08:00:00",430,1.851,328.8,57.59,1.665,1.021,14.19,1002,7999,0
"2016-01-06 09:00:00",431,2.292,338.7,65.96,2.071,1.408,14.23,1002,7999,0
"2016-01-06 10:00:00",432,1.752,1.596,32.29,1.682,1.393,13.94,1002,7999,0
"2016-01-06 11:00:00",433,3.666,112.7,36.42,3.313,2.304,13.86,1002,7999,0
"2016-01-06 12:00:00",434,4.123,72.16,18.77,3.588,2.301,13.85,1002,7999,0
"2016-01-06 13:00:00",435,2.132,0.456,41.46,2.042,1.649,13.82,1002,7999,0
"2016-01-06 14:00:00",436,8.97,243.2,16.33,7.923,5.206,13.83,1002,7999,0
"2016-01-06 15:00:00",437,6.414,190.9,13.9,5.634,3.913,13.83,1002,7999,0
"2016-01-06 16:00:00",438,4.777,246.5,13.97,4.106,2.79,13.82,1002,7999,0
"2016-01-06 17:00:00",439,5.669,267,10.01,4.945,3.011,13.31,1002,7999,0
"2016-01-06 18:00:00",440,6.256,208.8,9.51,5.451,3.84,13.11,1002,7999,0
"2016-01-06 19:00:00",441,3.743,205.1,10.51,3.201,2.305,13.01,1002,7999,0
"2016-01-06 20:00:00",442,6.089,190.5,5.672,5.245,3.911,12.96,1002,7999,0
"2016-01-06 21:00:00",443,4.501,162.3,22.66,3.963,3.008,12.93,1002,7999,0
"2016-01-06 22:00:00",444,4.543,179.5,8.04,3.932,2.944,12.92,1002,7999,0
"2016-01-06 23:00:00",445,4.528,175.7,7.134,3.912,2.88,12.9,1002,7999,0
"2016-01-07 00:00:00",446,5.084,173,7.151,4.382,3.281,12.88,1002,7999,0
"2016-01-07 01:00:00",447,2.243,300.2,30.74,1.916,1.269,12.86,1002,7999,0
"2016-01-07 02:00:00",448,3.966,336.6,10.22,3.426,2.648,12.84,1002,7999,0
"2016-01-07 03:00:00",449,2.479,285,15.4,2.011,1.461,12.82,1002,7999,0
"2016-01-07 04:00:00",450,2.148,210.9,7.457,1.712,1.151,12.8,1002,7999,0
"2016-01-07 05:00:00",451,2.339,318.4,25.26,1.975,1.357,12.78,1002,7999,0
"2016-01-07 06:00:00",452,4.304,335.5,6.524,3.784,2.994,12.76,1002,7999,0
"2016-01-07 07:00:00",453,3.476,335.2,9.02,2.982,2.341,12.76,1002,7999,0
"2016-01-07 08:00:00",454,5.24,335.9,6.688,4.578,3.597,12.89,1002,7999,0
"2016-01-07 09:00:00",455,1.57,352.6,21.23,1.406,1.076,14.03,1002,7999,0
"2016-01-07 10:00:00",456,1.59,135.1,19.45,1.492,1.189,14.3,1002,7999,0
"2016-01-07 11:00:00",457,2.636,44.29,19.81,2.434,1.871,13.93,1002,7999,0
"2016-01-07 12:00:00",458,3.006,21.96,15.36,2.791,2.158,13.92,1002,7999,0
"2016-01-07 13:00:00",459,2.77,120.7,19.93,2.628,2.111,13.95,1002,7999,0
"2016-01-07 14:00:00",460,2.894,157.3,17.06,2.724,2.208,13.93,1002,7999,0
"2016-01-07 15:00:00",461,3.495,74.21,14.44,3.208,1.833,13.94,1002,7999,0
"2016-01-07 16:00:00",462,1.858,354.3,32.65,1.729,1.206,13.95,1002,7999,0
"2016-01-07 17:00:00",463,1.908,120.8,18.95,1.63,1.098,13.8,1002,7999,0
"2016-01-07 18:00:00",464,1.815,196.8,16.02,1.389,0.704,13.27,1002,7999,0
"2016-01-07 19:00:00",465,2.215,346.1,31.79,1.841,1.071,13.1,1002,7999,0
"2016-01-07 20:00:00",466,2.029,253.4,14.64,1.484,0.731,12.99,1002,7999,0
"2016-01-07 21:00:00",467,2.087,230.5,18.83,1.631,0.839,12.95,1002,7999,0
"2016-01-07 22:00:00",468,1.733,214.9,13.48,1.29,0.61,12.92,1002,7999,0
"2016-01-07 23:00:00",469,2.111,255.2,23.04,1.318,0.41,12.91,1002,7999,0
"2016-01-08 00:00:00",470,1.65,296.4,31.01,1.395,0.625,12.88,1002,7999,0
"2016-01-08 01:00:00",471,1.764,272.2,19.03,1.207,0.416,12.86,1002,7999,0
"2016-01-08 02:00:00",472,1.939,236.3,5.925,1.607,0.749,12.84,1002,7999,0
"2016-01-08 03:00:00",473,2.143,230.9,9.78,1.643,0.826,12.81,1002,7999,0
"2016-01-08 04:00:00",474,1.602,258.1,28.38,1.041,0.358,12.79,1002,7999,0
"2016-01-08 05:00:00",475,1.258,262.9,26.27,1.137,0.677,12.77,1002,7999,0
"2016-01-08 06:00:00",476,1.595,283.6,19.58,1.508,0.654,12.75,1002,7999,0
"2016-01-08 07:00:00",477,2.291,291,9.69,1.582,0.577,12.74,1002,7999,0
"2016-01-08 08:00:00",478,2.039,266.5,10.92,1.527,0.584,14.31,1002,7999,0
"2016-01-08 09:00:00",479,1.523,263.7,15.64,1.285,0.839,14.24,1002,7999,0
"2016-01-08 10:00:00",480,0.887,175.7,36.75,0.814,0.68,13.9,1002,7999,0
"2016-01-08 11:00:00",481,1.025,26.73,35.13,0.981,0.848,13.82,1002,7999,0
"2016-01-08 12:00:00",482,2.85,39.41,7.795,2.675,2.037,13.82,1002,7999,0
"2016-01-08 13:00:00",483,2.645,57.87,7.983,2.549,1.606,13.86,1002,7999,0
"2016-01-08 14:00:00",484,1.46,31.86,13.92,1.438,1.2,13.88,1002,7999,0
"2016-01-08 15:00:00",485,1.197,33.29,13.8,1.232,1.052,13.88,1002,7999,0
"2016-01-08 16:00:00",486,2.467,92.3,11.67,2.269,1.511,13.9,1002,7999,0
"2016-01-08 17:00:00",487,1.184,163.2,29.11,1.068,0.486,13.8,1002,7999,0
"2016-01-08 18:00:00",488,1.1,175.8,19.74,0.952,0.42,13.26,1002,7999,0
"2016-01-08 19:00:00",489,1.919,131.9,24.97,1.424,0.774,13.08,1002,7999,0
"2016-01-08 20:00:00",490,1.554,309.3,23.69,1.227,0.615,12.98,1002,7999,0
"2016-01-08 21:00:00",491,2.132,291.4,9.58,1.726,0.904,12.95,1002,7999,0
"2016-01-08 22:00:00",492,1.644,243.3,24.89,1.479,0.597,12.92,1002,7999,0
"2016-01-08 23:00:00",493,1.337,326.4,46.85,1.11,0.502,12.9,1002,7999,0
"2016-01-09 00:00:00",494,1.677,215.5,14.13,1.521,0.715,12.88,1002,7999,0
"2016-01-09 01:00:00",495,1.645,237.7,11.77,1.395,0.667,12.86,1002,7999,0
"2016-01-09 02:00:00",496,2.483,280.9,16.37,1.987,1.097,12.84,1002,7999,0
"2016-01-09 03:00:00",497,1.534,281.2,31.71,1.349,0.725,12.81,1002,7999,0
"2016-01-09 04:00:00",498,1.592,265.7,15.96,1.468,0.69,12.79,1002,7999,0
"2016-01-09 05:00:00",499,2.296,295.7,17.78,1.878,0.979,12.77,1002,7999,0
"2016-01-09 06:00:00",500,1.478,269,17.35,1.352,0.597,12.76,1002,7999,0
"2016-01-09 07:00:00",501,1.947,313.3,13.76,1.407,0.659,12.75,1002,7999,0
"2016-01-09 08:00:00",502,2.554,299.9,11.18,2.026,1.232,14.3,1002,7999,0
"2016-01-09 09:00:00",503,2.246,354.2,11.31,1.945,1.508,14.21,1002,7999,0
"2016-01-09 10:00:00",504,1.487,6.137,10.34,1.435,1.27,13.89,1002,7999,0
"2016-01-09 11:00:00",505,1.623,55.39,13.94,1.551,1.235,13.86,1002,7999,0
"2016-01-09 12:00:00",506,2.619,90.2,8.04,2.541,1.647,13.88,1002,7999,0
"2016-01-09 13:00:00",507,2.789,95.7,6.672,2.651,1.908,13.9,1002,7999,0
"2016-01-09 14:00:00",508,2.337,92,7.602,2.23,1.53,13.9,1002,7999,0
"2016-01-09 15:00:00",509,2.044,88.2,7.565,1.976,1.288,13.9,1002,7999,0
"2016-01-09 16:00:00",510,1.278,98.6,9.71,1.219,0.816,13.93,1002,7999,0
"2016-01-09 17:00:00",511,1.111,85,7.543,1.062,0.312,13.85,1002,7999,0
"2016-01-09 18:00:00",512,0.788,65.33,21.67,0.643,0.35,13.27,1002,7999,0
"2016-01-09 19:00:00",513,0.574,244,25.26,0.696,0.111,13.09,1002,7999,0
"2016-01-09 20:00:00",514,1.229,317.3,16.48,1.061,0.5,13,1002,7999,0
"2016-01-09 21:00:00",515,1.882,260,10.11,1.328,0.656,12.96,1002,7999,0
"2016-01-09 22:00:00",516,1.523,300.5,12.85,1.188,0.466,12.92,1002,7999,0
"2016-01-09 23:00:00",517,1.373,314.5,17.28,1.189,0.536,12.92,1002,7999,0
"2016-01-10 00:00:00",518,1.462,300.1,19.68,1.161,0.632,12.89,1002,7999,0
"2016-01-10 01:00:00",519,1.571,294,16.86,1.214,0.532,12.88,1002,7999,0
"2016-01-10 02:00:00",520,1.568,305.5,16.99,1.157,0.518,12.85,1002,7999,0
"2016-01-10 03:00:00",521,2.908,352.1,9.06,2.441,1.717,12.84,1002,7999,0
"2016-01-10 04:00:00",522,1.894,308.6,22.3,1.632,1.21,12.81,1002,7999,0
"2016-01-10 05:00:00",523,1.144,272.6,25.79,0.889,0.487,12.8,1002,7999,0
"2016-01-10 06:00:00",524,1.447,309.5,13.31,1.165,0.468,12.77,1002,7999,0
"2016-01-10 07:00:00",525,1.108,249.2,14.08,1.17,0.525,12.77,1002,7999,0
"2016-01-10 08:00:00",526,1.679,279.1,33.38,1.373,0.857,13.5,1002,7999,0
"2016-01-10 09:00:00",527,1.62,24.38,17.37,1.509,1.205,14.35,1002,7999,0
"2016-01-10 10:00:00",528,2.055,352.9,9.15,1.975,1.705,13.88,1002,7999,0
"2016-01-10 11:00:00",529,1.584,64.54,14.15,1.545,1.135,13.9,1002,7999,0
"2016-01-10 12:00:00",530,1.759,80,9.32,1.73,1.095,13.83,1002,7999,0
"2016-01-10 13:00:00",531,1.905,56.75,8.4,1.875,1.295,13.84,1002,7999,0
"2016-01-10 14:00:00",532,1.788,54.92,8.73,1.758,1.225,13.84,1002,7999,0
"2016-01-10 15:00:00",533,1.82,61.71,7.887,1.8,1.232,13.86,1002,7999,0
"2016-01-10 16:00:00",534,1.261,89.5,12.01,1.229,0.804,13.88,1002,7999,0
"2016-01-10 17:00:00",535,2.095,128.5,9.36,1.869,1.519,13.52,1002,7999,0
"2016-01-10 18:00:00",536,1.335,214.3,15.54,0.999,0.634,13.17,1002,7999,0
"2016-01-10 19:00:00",537,1.733,183.4,20.04,1.344,0.897,13.02,1002,7999,0
"2016-01-10 20:00:00",538,1.41,207,16.19,1.137,0.57,12.97,1002,7999,0
"2016-01-10 21:00:00",539,1.033,222,12.65,1.08,0.339,12.94,1002,7999,0
"2016-01-10 22:00:00",540,1.502,282.7,11.38,1.232,0.48,12.92,1002,7999,0
"2016-01-10 23:00:00",541,2.334,326.8,26.91,1.849,1.076,12.91,1002,7999,0
"2016-01-11 00:00:00",542,3.426,341.8,7.109,2.654,1.757,12.88,1002,7999,0
"2016-01-11 01:00:00",543,2.815,343.5,33.31,2.365,1.726,12.87,1002,7999,0
"2016-01-11 02:00:00",544,1.388,275.9,22.21,1.265,0.787,12.84,1002,7999,0
"2016-01-11 03:00:00",545,4.002,336.5,8.58,3.266,2.391,12.82,1002,7999,0
"2016-01-11 04:00:00",546,2.418,305.3,22.92,1.912,1.301,12.81,1002,7999,0
"2016-01-11 05:00:00",547,2.624,344.9,8.62,2.047,1.107,12.78,1002,7999,0
"2016-01-11 06:00:00",548,2.523,331.7,8.24,1.871,1.035,12.77,1002,7999,0
"2016-01-11 07:00:00",549,3.25,12.17,17.62,2.658,1.633,12.8,1002,7999,0
"2016-01-11 08:00:00",550,2.007,299.1,25.96,1.555,0.875,14.23,1002,7999,0
"2016-01-11 09:00:00",551,1.432,179.4,24.62,1.319,0.996,14.07,1002,7999,0
"2016-01-11 10:00:00",552,1.459,149.9,15.9,1.409,1.19,13.82,1002,7999,0
"2016-01-11 11:00:00",553,1.59,85.9,11.94,1.539,1.066,13.81,1002,7999,0
"2016-01-11 12:00:00",554,2.262,62.6,8.52,2.204,1.501,13.82,1002,7999,0
"2016-01-11 13:00:00",555,2.072,6.223,9.11,2.011,1.791,13.83,1002,7999,0
"2016-01-11 14:00:00",556,1.869,355.2,10.26,1.8,1.62,13.82,1002,7999,0
"2016-01-11 15:00:00",557,2.328,91.4,17.69,2.201,1.594,13.83,1002,7999,0
"2016-01-11 16:00:00",558,2.433,118.2,4.725,2.199,1.76,13.85,1002,7999,0
"2016-01-11 17:00:00",559,1.882,163.7,11.41,1.369,0.803,13.81,1002,7999,0
"2016-01-11 18:00:00",560,2.548,225.7,6.399,1.67,0.995,13.25,1002,7999,0
"2016-01-11 19:00:00",561,2.052,251.9,11.32,1.328,0.663,13.07,1002,7999,0
"2016-01-11 20:00:00",562,1.998,263.2,7.558,1.376,0.434,12.98,1002,7999,0
"2016-01-11 21:00:00",563,1.224,254,8.45,1.292,0.323,12.93,1002,7999,0
"2016-01-11 22:00:00",564,1.549,323.5,18.1,1.483,0.439,12.92,1002,7999,0
"2016-01-11 23:00:00",565,1.357,221,28.3,1.607,0.711,12.89,1002,7999,0
"2016-01-12 00:00:00",566,1.648,256,11.94,1.566,0.655,12.88,1002,7999,0
"2016-01-12 01:00:00",567,1.834,223.1,5.621,1.765,0.868,12.85,1002,7999,0
"2016-01-12 02:00:00",568,2.263,242.3,7.7,1.606,0.691,12.83,1002,7999,0
"2016-01-12 03:00:00",569,1.734,235.3,14.87,1.228,0.42,12.8,1002,7999,0
"2016-01-12 04:00:00",570,1.638,230.4,6.336,1.579,0.526,12.77,1002,7999,0
"2016-01-12 05:00:00",571,1.941,210.9,8.53,1.725,0.815,12.76,1002,7999,0
"2016-01-12 06:00:00",572,2.329,213.1,5.269,1.678,0.889,12.73,1002,7999,0
"2016-01-12 07:00:00",573,1.759,248.4,10.44,1.721,0.794,12.75,1002,7999,0
"2016-01-12 08:00:00",574,2.104,259.2,11.73,1.531,0.736,14.43,1002,7999,0
"2016-01-12 09:00:00",575,1.971,276.1,18.95,1.703,1.237,14.23,1002,7999,0
"2016-01-12 10:00:00",576,1.379,119,18.12,1.338,1.007,13.9,1002,7999,0
"2016-01-12 11:00:00",577,1.822,99.2,19.28,1.741,1.222,13.86,1002,7999,0
"2016-01-12 12:00:00",578,2.657,94.7,15.45,2.579,1.703,13.87,1002,7999,0
"2016-01-12 13:00:00",579,2.612,125.1,16.78,2.481,1.807,13.86,1002,7999,0
"2016-01-12 14:00:00",580,2.508,177.7,18.29,2.385,1.947,13.82,1002,7999,0
"2016-01-12 15:00:00",581,3.495,97.5,5.811,3.177,2.255,13.86,1002,7999,0
"2016-01-12 16:00:00",582,3.767,105.5,4.688,3.441,2.474,13.9,1002,7999,0
"2016-01-12 17:00:00",583,3.469,109,10.26,2.903,2.094,13.88,1002,7999,0
"2016-01-12 18:00:00",584,2.049,289.7,9.63,1.603,0.915,13.28,1002,7999,0
"2016-01-12 19:00:00",585,2.415,277.8,9.37,1.597,0.568,13.1,1002,7999,0
"2016-01-12 20:00:00",586,2.499,239.6,6.549,1.83,0.984,12.99,1002,7999,0
"2016-01-12 21:00:00",587,1.801,267.9,26.59,1.483,0.651,12.94,1002,7999,0
"2016-01-12 22:00:00",588,1.082,238.3,18.8,1.43,0.459,12.93,1002,7999,0
"2016-01-12 23:00:00",589,2.147,327.3,9.94,1.584,0.694,12.89,1002,7999,0
"2016-01-13 00:00:00",590,2.214,264.3,6.822,1.777,0.817,12.88,1002,7999,0
"2016-01-13 01:00:00",591,1.534,191.3,27.69,1.397,0.685,12.84,1002,7999,0
"2016-01-13 02:00:00",592,1.659,243.9,7.907,1.299,0.51,12.82,1002,7999,0
"2016-01-13 03:00:00",593,1.819,278.9,8.29,1.705,0.708,12.79,1002,7999,0
"2016-01-13 04:00:00",594,1.572,267.5,15.28,1.294,0.375,12.77,1002,7999,0
"2016-01-13 05:00:00",595,1.769,190.9,11.14,1.779,0.883,12.73,1002,7999,0
"2016-01-13 06:00:00",596,1.872,244.9,16.93,1.484,0.662,12.72,1002,7999,0
"2016-01-13 07:00:00",597,1.682,243,10,1.786,0.859,12.74,1002,7999,0
"2016-01-13 08:00:00",598,1.712,288.1,12.57,1.421,0.683,14.46,1002,7999,0
"2016-01-13 09:00:00",599,0.799,194.7,18.7,0.794,0.525,14.19,1002,7999,0
"2016-01-13 10:00:00",600,1.71,33.15,24.34,1.658,1.266,13.87,1002,7999,0
"2016-01-13 11:00:00",601,1.228,70.04,19.85,1.173,0.83,13.87,1002,7999,0
"2016-01-13 12:00:00",602,1.789,29.78,15.75,1.763,1.419,13.84,1002,7999,0
"2016-01-13 13:00:00",603,2.328,50.97,10.81,2.244,1.617,13.87,1002,7999,0
"2016-01-13 14:00:00",604,1.653,88.9,9.66,1.606,1.1,13.88,1002,7999,0
"2016-01-13 15:00:00",605,1.34,94.6,17.4,1.312,0.899,13.87,1002,7999,0
"2016-01-13 16:00:00",606,1.505,183,10.95,1.401,1.168,13.87,1002,7999,0
"2016-01-13 17:00:00",607,2.476,127.5,5.923,1.913,1.409,13.87,1002,7999,0
"2016-01-13 18:00:00",608,1.914,163.5,21.41,1.504,0.852,13.29,1002,7999,0
"2016-01-13 19:00:00",609,1.353,270,19.7,1.374,0.594,13.1,1002,7999,0
"2016-01-13 20:00:00",610,1.745,272.2,14.83,1.503,0.652,13,1002,7999,0
"2016-01-13 21:00:00",611,1.635,276.6,11.2,1.414,0.455,12.95,1002,7999,0
"2016-01-13 22:00:00",612,1.871,264.6,7.487,1.542,0.593,12.92,1002,7999,0
"2016-01-13 23:00:00",613,1.975,258.2,10.26,1.569,0.655,12.89,1002,7999,0
"2016-01-14 00:00:00",614,1.719,275.4,10.24,1.602,0.555,12.88,1002,7999,0
"2016-01-14 01:00:00",615,1.963,204.6,8.02,1.737,0.895,12.85,1002,7999,0
"2016-01-14 02:00:00",616,1.821,189.5,10.56,1.475,0.553,12.82,1002,7999,0
"2016-01-14 03:00:00",617,1.89,238.1,11.52,1.607,0.737,12.79,1002,7999,0
"2016-01-14 04:00:00",618,2.355,224.3,7.606,1.764,0.853,12.76,1002,7999,0
"2016-01-14 05:00:00",619,1.927,286.1,13.65,1.565,0.617,12.75,1002,7999,0
"2016-01-14 06:00:00",620,1.492,261.3,10.91,1.524,0.581,12.72,1002,7999,0
"2016-01-14 07:00:00",621,2.471,305.1,12.19,1.821,0.818,12.74,1002,7999,0
"2016-01-14 08:00:00",622,2.148,305,9.33,1.63,0.832,14.29,1002,7999,0
"2016-01-14 09:00:00",623,2.579,343.6,7.999,2.27,1.809,14.26,1002,7999,0
"2016-01-14 10:00:00",624,1.616,10.67,13.38,1.563,1.347,13.92,1002,7999,0
"2016-01-14 11:00:00",625,1.572,47.78,13.2,1.536,1.174,13.87,1002,7999,0
"2016-01-14 12:00:00",626,2.069,83.1,10.22,2.054,1.295,13.84,1002,7999,0
"2016-01-14 13:00:00",627,3.205,96.8,8.85,3.02,2.083,13.86,1002,7999,0
"2016-01-14 14:00:00",628,3.849,64.98,5.862,3.523,1.893,13.87,1002,7999,0
"2016-01-14 15:00:00",629,1.419,100.5,23.23,1.345,0.959,13.9,1002,7999,0
"2016-01-14 16:00:00",630,2.082,145.3,13.82,1.91,1.548,13.87,1002,7999,0
"2016-01-14 17:00:00",631,1.859,138.8,6.913,1.493,1.082,13.86,1002,7999,0
"2016-01-14 18:00:00",632,1.891,140.4,6.07,1.214,0.477,13.29,1002,7999,0
"2016-01-14 19:00:00",633,1.585,149.9,23.26,1.301,0.613,13.11,1002,7999,0
"2016-01-14 20:00:00",634,1.973,251,10.23,1.405,0.662,13,1002,7999,0
"2016-01-14 21:00:00",635,1.892,237,7.34,1.292,0.543,12.96,1002,7999,0
"2016-01-14 22:00:00",636,0.979,272.6,17.59,0.729,0.301,12.92,1002,7999,0
"2016-01-14 23:00:00",637,1.367,296.7,8.62,1.265,0.379,12.91,1002,7999,0
"2016-01-15 00:00:00",638,1.493,287.4,16.61,1.303,0.542,12.88,1002,7999,0
"2016-01-15 01:00:00",639,2.081,322.5,13.93,1.542,0.781,12.87,1002,7999,0
"2016-01-15 02:00:00",640,1.334,294.2,17.84,1.42,0.669,12.84,1002,7999,0
"2016-01-15 03:00:00",641,2.372,189.7,10.49,1.79,1.053,12.82,1002,7999,0
"2016-01-15 04:00:00",642,1.81,243,23.59,1.371,0.756,12.79,1002,7999,0
"2016-01-15 05:00:00",643,2.161,257.5,11.58,1.7,0.912,12.77,1002,7999,0
"2016-01-15 06:00:00",644,1.859,187.2,23.16,1.421,0.672,12.76,1002,7999,0
"2016-01-15 07:00:00",645,2.252,304.8,37.8,1.797,1.066,12.75,1002,7999,0
"2016-01-15 08:00:00",646,1.989,153.9,32.2,1.713,1.046,13.96,1002,7999,0
"2016-01-15 09:00:00",647,1.665,354.8,24.81,1.487,1.12,14.28,1002,7999,0
"2016-01-15 10:00:00",648,2.232,100.4,44.63,2.073,1.184,13.86,1002,7999,0
"2016-01-15 11:00:00",649,2.003,97.7,19.43,1.862,1.442,13.85,1002,7999,0
"2016-01-15 12:00:00",650,2.873,126.2,16.66,2.682,2.083,13.83,1002,7999,0
"2016-01-15 13:00:00",651,2.532,127.8,33.23,2.296,1.706,13.83,1002,7999,0
"2016-01-15 14:00:00",652,3.155,97.8,8.12,2.864,1.965,13.83,1002,7999,0
"2016-01-15 15:00:00",653,2.08,98.9,30.66,1.967,1.538,13.82,1002,7999,0
"2016-01-15 16:00:00",654,1.444,36.65,19.3,1.32,0.997,13.82,1002,7999,0
"2016-01-15 17:00:00",655,2.463,121,10.39,2.013,1.523,13.82,1002,7999,0
"2016-01-15 18:00:00",656,2.285,224.5,13.82,1.785,1.19,13.29,1002,7999,0
"2016-01-15 19:00:00",657,2.897,340.7,18.04,2.217,1.475,13.08,1002,7999,0
"2016-01-15 20:00:00",658,2.352,277.4,24.42,1.832,1.117,12.99,1002,7999,0
"2016-01-15 21:00:00",659,3.47,318.1,10.68,2.649,1.773,12.95,1002,7999,0
"2016-01-15 22:00:00",660,4.626,314.9,4.503,3.779,2.705,12.92,1002,7999,0
"2016-01-15 23:00:00",661,3.594,319.7,7.299,2.799,1.912,12.92,1002,7999,0
"2016-01-16 00:00:00",662,5.894,323.8,4.556,5.031,3.786,12.9,1002,7999,0
"2016-01-16 01:00:00",663,3.966,308.8,10.22,3.238,2.249,12.88,1002,7999,0
"2016-01-16 02:00:00",664,3.565,318.8,12.49,2.847,1.983,12.87,1002,7999,0
"2016-01-16 03:00:00",665,4.436,315.6,7.571,3.694,2.686,12.85,1002,7999,0
"2016-01-16 04:00:00",666,4.266,304.5,16.58,3.453,2.481,12.83,1002,7999,0
"2016-01-16 05:00:00",667,2.121,242,17.34,1.714,1.033,12.8,1002,7999,0
"2016-01-16 06:00:00",668,1.318,217.6,37.97,1.391,0.673,12.78,1002,7999,0
"2016-01-16 07:00:00",669,1.902,283.7,10.26,1.584,0.721,12.79,1002,7999,0
"2016-01-16 08:00:00",670,3.982,356.3,7.666,3.303,2.434,13.72,1002,7999,0
"2016-01-16 09:00:00",671,2.782,11.02,5.58,2.492,1.919,14.39,1002,7999,0
"2016-01-16 10:00:00",672,1.641,64.34,12.55,1.58,1.12,13.9,1002,7999,0
"2016-01-16 11:00:00",673,2.017,70.67,7.509,1.977,1.12,13.85,1002,7999,0
"2016-01-16 12:00:00",674,1.93,81.5,10.7,1.89,1.169,13.85,1002,7999,0
"2016-01-16 13:00:00",675,2.509,43.86,9.22,2.471,1.774,13.83,1002,7999,0
"2016-01-16 14:00:00",676,2.424,27.46,9.93,2.385,1.947,13.83,1002,7999,0
"2016-01-16 15:00:00",677,1.857,58.53,10.56,1.818,1.286,13.83,1002,7999,0
"2016-01-16 16:00:00",678,1.495,58.06,17.03,1.448,1.123,13.83,1002,7999,0
"2016-01-16 17:00:00",679,0.947,77.47,9.25,0.798,0.69,13.82,1002,7999,0
"2016-01-16 18:00:00",680,1.276,146.7,14.4,1.016,0.515,13.26,1002,7999,0
"2016-01-16 19:00:00",681,1.44,312.6,21.42,1.245,0.501,13.07,1002,7999,0
"2016-01-16 20:00:00",682,1.418,281.1,12.32,1.189,0.403,12.98,1002,7999,0
"2016-01-16 21:00:00",683,1.645,249,7.04,1.357,0.63,12.94,1002,7999,0
"2016-01-16 22:00:00",684,1.914,260.9,6.976,1.221,0.333,12.92,1002,7999,0
"2016-01-16 23:00:00",685,1.711,284.5,15.05,1.297,0.473,12.9,1002,7999,0
"2016-01-17 00:00:00",686,2.753,352.1,10.04,2.228,1.446,12.88,1002,7999,0
"2016-01-17 01:00:00",687,2.156,306,25.69,1.701,1.156,12.87,1002,7999,0
"2016-01-17 02:00:00",688,2.029,306.3,18.76,1.484,0.775,12.84,1002,7999,0
"2016-01-17 03:00:00",689,1.847,234.1,10.7,1.376,0.532,12.83,1002,7999,0
"2016-01-17 04:00:00",690,1.759,285.1,23.3,1.117,0.439,12.8,1002,7999,0
"2016-01-17 05:00:00",691,2.061,309.2,14.05,1.597,0.921,12.78,1002,7999,0
"2016-01-17 06:00:00",692,2.161,220.5,5.71,1.647,0.819,12.76,1002,7999,0
"2016-01-17 07:00:00",693,2.12,170.5,17.95,1.602,0.853,12.78,1002,7999,0
"2016-01-17 08:00:00",694,1.358,307.3,10.39,1.022,0.456,14.22,1002,7999,0
"2016-01-17 09:00:00",695,2.595,2.967,7.29,2.323,1.89,14.14,1002,7999,0
"2016-01-17 10:00:00",696,1.819,10.27,9.87,1.791,1.542,13.83,1002,7999,0
"2016-01-17 11:00:00",697,2.776,42.4,7.718,2.619,1.964,13.82,1002,7999,0
"2016-01-17 12:00:00",698,3.204,72.94,5.75,3.071,1.722,13.83,1002,7999,0
"2016-01-17 13:00:00",699,3.302,114.3,10.79,3.106,2.456,13.82,1002,7999,0
"2016-01-17 14:00:00",700,2.985,140.3,12.97,2.789,2.112,13.83,1002,7999,0
"2016-01-17 15:00:00",701,3.687,192.2,14.55,3.405,2.602,13.81,1002,7999,0
"2016-01-17 16:00:00",702,3.322,83.1,7.81,2.797,1.6,13.82,1002,7999,0
"2016-01-17 17:00:00",703,1.533,2.758,25.22,1.227,0.716,13.84,1002,7999,0
"2016-01-17 18:00:00",704,1.728,313.7,7.924,1.301,0.593,13.27,1002,7999,0
"2016-01-17 19:00:00",705,2.426,246.4,6.436,1.7,0.926,13.07,1002,7999,0
"2016-01-17 20:00:00",706,2.385,250.7,6.207,1.563,0.692,12.98,1002,7999,0
"2016-01-17 21:00:00",707,1.885,306.5,11.44,1.462,0.564,12.94,1002,7999,0
"2016-01-17 22:00:00",708,1.508,279.3,13.68,1.303,0.379,12.92,1002,7999,0
"2016-01-17 23:00:00",709,1.124,330.1,18.36,0.685,0.158,12.9,1002,7999,0
"2016-01-18 00:00:00",710,1.417,261.6,13.98,1.084,0.325,12.88,1002,7999,0
"2016-01-18 01:00:00",711,1.315,198,11.22,1.421,0.681,12.87,1002,7999,0
"2016-01-18 02:00:00",712,1.967,207.2,13.63,1.376,0.732,12.84,1002,7999,0
"2016-01-18 03:00:00",713,1.754,151.9,12.24,1.299,0.714,12.84,1002,7999,0
"2016-01-18 04:00:00",714,1.447,311,18.19,1.125,0.352,12.81,1002,7999,0
"2016-01-18 05:00:00",715,1.114,292.8,11.19,1.157,0.296,12.79,1002,7999,0
"2016-01-18 06:00:00",716,1.011,200.2,12.13,1.279,0.497,12.77,1002,7999,0
"2016-01-18 07:00:00",717,1.544,240.1,33.3,1.276,0.694,12.76,1002,7999,0
"2016-01-18 08:00:00",718,1.358,255.7,39.08,1.249,0.767,13.05,1002,7999,0
"2016-01-18 09:00:00",719,1.254,241.7,33.16,1.129,0.79,14.33,1002,7999,0
"2016-01-18 10:00:00",720,2.151,358,12.37,2.051,1.706,14.15,1002,7999,0
"2016-01-18 11:00:00",721,1.617,61.18,14.95,1.6,1.162,13.84,1002,7999,0
"2016-01-18 12:00:00",722,2.184,28.36,12.21,2.147,1.756,13.82,1002,7999,0
"2016-01-18 13:00:00",723,2.039,83.3,12.35,1.987,1.308,13.82,1002,7999,0
"2016-01-18 14:00:00",724,2.663,76.89,22.38,2.546,1.726,13.82,1002,7999,0
"2016-01-18 15:00:00",725,1.83,95.3,26.86,1.773,1.174,13.85,1002,7999,0
"2016-01-18 16:00:00",726,1.757,84.9,14.97,1.627,1.095,13.84,1002,7999,0
"2016-01-18 17:00:00",727,1.477,104.1,14.62,1.27,0.775,13.86,1002,7999,0
"2016-01-18 18:00:00",728,2.228,207.1,7.011,1.551,0.983,13.33,1002,7999,0
"2016-01-18 19:00:00",729,1.297,145.5,26.87,1.022,0.541,13.11,1002,7999,0
"2016-01-18 20:00:00",730,1.856,294.9,21.4,1.529,0.781,13,1002,7999,0
"2016-01-18 21:00:00",731,1.682,347.5,15.03,1.358,0.506,12.95,1002,7999,0
"2016-01-18 22:00:00",732,2.205,237.3,26.09,1.624,0.873,12.92,1002,7999,0
"2016-01-18 23:00:00",733,1.574,265.7,14.73,1.026,0.426,12.91,1002,7999,0
"2016-01-19 00:00:00",734,1.7,292.7,12.79,1.596,0.56,12.89,1002,7999,0
"2016-01-19 01:00:00",735,1.998,290.8,18.09,1.506,0.762,12.88,1002,7999,0
"2016-01-19 02:00:00",736,2.693,298.7,8.83,2.032,1.026,12.85,1002,7999,0
"2016-01-19 03:00:00",737,1.852,268.1,21.49,1.417,0.694,12.83,1002,7999,0
"2016-01-19 04:00:00",738,1.398,298,22.76,1.233,0.473,12.81,1002,7999,0
"2016-01-19 05:00:00",739,1.616,288.7,26.68,1.39,0.504,12.78,1002,7999,0
"2016-01-19 06:00:00",740,1.15,52.32,39.17,1.215,0.706,12.76,1002,7999,0
"2016-01-19 07:00:00",741,4.831,334,10.03,3.871,2.785,12.78,1002,7999,0
"2016-01-19 08:00:00",742,3.031,320.5,23.25,2.291,1.535,13.88,1002,7999,0
"2016-01-19 09:00:00",743,1.458,359.8,26.88,1.289,1.007,14.16,1002,7999,0
"2016-01-19 10:00:00",744,1.148,12.88,19.76,1.103,0.953,13.81,1002,7999,0
"2016-01-19 11:00:00",745,2.164,58.66,15.97,2.116,1.573,13.73,1002,7999,0
"2016-01-19 12:00:00",746,2.296,94.1,8.77,2.229,1.578,13.82,1002,7999,0
"2016-01-19 13:00:00",747,1.869,58.74,14.73,1.866,1.305,13.81,1002,7999,0
"2016-01-19 14:00:00",748,1.829,94.1,8.3,1.779,1.294,13.83,1002,7999,0
"2016-01-19 15:00:00",749,1.934,95.8,18.92,1.855,1.35,13.82,1002,7999,0
"2016-01-19 16:00:00",750,1.538,81.7,11.19,1.523,1.045,13.82,1002,7999,0
"2016-01-19 17:00:00",751,1.438,66.29,28.17,1.323,0.96,13.79,1002,7999,0
"2016-01-19 18:00:00",752,1.688,308,19.24,1.445,0.981,13.25,1002,7999,0
"2016-01-19 19:00:00",753,2.747,230.6,9.87,1.924,1.233,13.06,1002,7999,0
"2016-01-19 20:00:00",754,2.234,123.2,17.88,1.68,0.864,12.98,1002,7999,0
"2016-01-19 21:00:00",755,2.262,324.6,17.06,1.535,0.798,12.94,1002,7999,0
"2016-01-19 22:00:00",756,2.255,313.3,20.3,1.65,0.863,12.92,1002,7999,0
"2016-01-19 23:00:00",757,1.668,278.7,18.43,1.334,0.604,12.91,1002,7999,0
"2016-01-20 00:00:00",758,1.641,258.4,45.92,1.343,0.81,12.88,1002,7999,0
"2016-01-20 01:00:00",759,1.352,268.7,24.89,1.332,0.524,12.88,1002,7999,0
"2016-01-20 02:00:00",760,1.147,256.2,21.71,1.092,0.414,12.84,1002,7999,0
"2016-01-20 03:00:00",761,1.596,281,19.72,1.121,0.336,12.83,1002,7999,0
"2016-01-20 04:00:00",762,1.946,227.9,10.99,1.333,0.592,12.8,1002,7999,0
"2016-01-20 05:00:00",763,2.341,240.6,17.06,1.559,0.61,12.78,1002,7999,0
"2016-01-20 06:00:00",764,1.772,145.4,25.73,1.616,0.81,12.77,1002,7999,0
"2016-01-20 07:00:00",765,1.62,252.8,14.55,1.349,0.454,12.79,1002,7999,0
"2016-01-20 08:00:00",766,1.661,264.9,19.5,1.166,0.36,14.22,1002,7999,0
"2016-01-20 09:00:00",767,1.365,70.29,26.54,1.193,0.769,14.08,1002,7999,0
"2016-01-20 10:00:00",768,1.416,68.98,19.16,1.349,0.894,13.82,1002,7999,0
"2016-01-20 11:00:00",769,2.581,77.37,13.47,2.496,1.604,13.81,1002,7999,0
"2016-01-20 12:00:00",770,2.019,90.9,8.71,1.94,1.395,13.81,1002,7999,0
"2016-01-20 13:00:00",771,2.493,98.7,6.031,2.416,1.874,13.82,1002,7999,0
"2016-01-20 14:00:00",772,2.391,98.3,5.13,2.281,1.726,13.8,1002,7999,0
"2016-01-20 15:00:00",773,2.092,96.4,4.029,1.994,1.51,13.81,1002,7999,0
"2016-01-20 16:00:00",774,2.552,108.4,13.17,2.097,1.523,13.74,1002,7999,0
"2016-01-20 17:00:00",775,2.733,121.3,4.032,2.179,1.609,13.8,1002,7999,0
"2016-01-20 18:00:00",776,1.767,135.3,11.03,1.146,0.668,13.27,1002,7999,0
"2016-01-20 19:00:00",777,0.792,256.9,21.49,0.862,0.23,13.06,1002,7999,0
"2016-01-20 20:00:00",778,1.595,309.4,12.32,1.402,0.363,12.98,1002,7999,0
"2016-01-20 21:00:00",779,2.613,249.6,4.216,1.837,1.014,12.94,1002,7999,0
"2016-01-20 22:00:00",780,1.741,98.3,12.02,1.214,0.563,12.92,1002,7999,0
"2016-01-20 23:00:00",781,2.465,253.5,39.43,1.788,1.019,12.91,1002,7999,0
"2016-01-21 00:00:00",782,1.886,278.7,31.12,1.425,0.476,12.88,1002,7999,0
"2016-01-21 01:00:00",783,1.701,325.1,14.23,1.404,0.357,12.88,1002,7999,0
"2016-01-21 02:00:00",784,3.126,326.7,13.36,2.461,1.507,12.85,1002,7999,0
"2016-01-21 03:00:00",785,3.462,322.6,10.58,2.71,1.702,12.84,1002,7999,0
"2016-01-21 04:00:00",786,2.941,330.2,11.17,2.307,1.454,12.81,1002,7999,0
"2016-01-21 05:00:00",787,3.45,332.6,22,2.788,1.953,12.8,1002,7999,0
"2016-01-21 06:00:00",788,2.554,324.9,39.39,2.128,1.299,12.77,1002,7999,0
"2016-01-21 07:00:00",789,2.539,314.9,44.47,2.074,1.329,12.82,1002,7999,0
"2016-01-21 08:00:00",790,1.324,252.6,20.79,1.087,0.458,14.26,1002,7999,0
"2016-01-21 09:00:00",791,1.091,319.2,31.9,0.944,0.7,14.07,1002,7999,0
"2016-01-21 10:00:00",792,0.77,178.6,37.57,0.723,0.602,13.76,1002,7999,0
"2016-01-21 11:00:00",793,1.839,91.2,21.74,1.747,1.214,13.73,1002,7999,0
"2016-01-21 12:00:00",794,1.075,35.57,21.24,1.053,0.921,13.67,1002,7999,0
"2016-01-21 13:00:00",795,1.27,38.06,11.75,1.29,1.125,13.62,1002,7999,0
"2016-01-21 14:00:00",796,2.473,77.42,8.79,2.351,1.618,13.65,1002,7999,0
"2016-01-21 15:00:00",797,3.374,99.9,5.453,2.8,1.979,13.75,1002,7999,0
"2016-01-21 16:00:00",798,3.244,111.2,6.664,2.749,1.974,13.81,1002,7999,0
"2016-01-21 17:00:00",799,2.743,138.7,5.678,2.209,1.685,13.79,1002,7999,0
"2016-01-21 18:00:00",800,2.597,196.5,4.7,1.671,0.999,13.23,1002,7999,0
"2016-01-21 19:00:00",801,2.77,222.6,4.033,1.877,1.086,13.05,1002,7999,0
"2016-01-21 20:00:00",802,2.638,222.9,15.4,1.82,1.034,12.97,1002,7999,0
"2016-01-21 21:00:00",803,1.934,228.8,38.93,1.566,0.842,12.93,1002,7999,0
"2016-01-21 22:00:00",804,1.925,261.8,12.34,1.276,0.517,12.92,1002,7999,0
"2016-01-21 23:00:00",805,1.618,305.2,10.01,1.335,0.283,12.89,1002,7999,0
"2016-01-22 00:00:00",806,1.684,327.5,16.43,1.209,0.355,12.88,1002,7999,0
"2016-01-22 01:00:00",807,1.635,268.4,16.87,1.515,0.613,12.86,1002,7999,0
"2016-01-22 02:00:00",808,0.999,302.5,27.23,0.928,0.384,12.84,1002,7999,0
"2016-01-22 03:00:00",809,1.976,219.2,12.41,1.639,0.803,12.82,1002,7999,0
"2016-01-22 04:00:00",810,1.474,285.1,19.88,1.071,0.505,12.8,1002,7999,0
"2016-01-22 05:00:00",811,0.753,197.8,23.98,1.443,0.609,12.76,1002,7999,0
"2016-01-22 06:00:00",812,1.045,206.3,16.45,1.438,0.564,12.76,1002,7999,0
"2016-01-22 07:00:00",813,2.351,201.8,8.21,1.681,0.794,12.77,1002,7999,0
"2016-01-22 08:00:00",814,1.781,178.9,8.23,1.569,0.928,14.29,1002,7999,0
"2016-01-22 09:00:00",815,1.622,282,15.82,1.515,1.126,14.12,1002,7999,0
"2016-01-22 10:00:00",816,2.84,356.5,6.322,2.493,2.007,13.86,1002,7999,0
"2016-01-22 11:00:00",817,3.216,358.7,3.952,2.75,2.22,13.82,1002,7999,0
"2016-01-22 12:00:00",818,1.765,25.31,7.804,1.644,1.403,13.82,1002,7999,0
"2016-01-22 13:00:00",819,1.625,53.45,12.34,1.61,1.135,13.82,1002,7999,0
"2016-01-22 14:00:00",820,2.009,80.5,7.4,1.915,1.279,13.82,1002,7999,0
"2016-01-22 15:00:00",821,1.817,97.1,6.394,1.711,1.332,13.82,1002,7999,0
"2016-01-22 16:00:00",822,1.299,115.3,6.654,1.288,1.013,13.82,1002,7999,0
"2016-01-22 17:00:00",823,0.83,58.88,12.61,0.955,0.422,13.82,1002,7999,0
"2016-01-22 18:00:00",824,0.891,229.2,17.15,1.029,0.342,13.3,1002,7999,0
"2016-01-22 19:00:00",825,2.279,217.1,5.36,1.719,0.919,13.09,1002,7999,0
"2016-01-22 20:00:00",826,2.262,226.7,14.34,1.525,0.754,12.98,1002,7999,0
"2016-01-22 21:00:00",827,1.118,62.77,29.19,0.723,0.316,12.94,1002,7999,0
"2016-01-22 22:00:00",828,1.776,266.4,14.79,1.512,0.531,12.92,1002,7999,0
"2016-01-22 23:00:00",829,1.648,301,10.48,1.365,0.271,12.9,1002,7999,0
"2016-01-23 00:00:00",830,0.61,267.3,13.95,1.221,0.323,12.88,1002,7999,0
"2016-01-23 01:00:00",831,0.941,232.3,23.94,1.249,0.614,12.86,1002,7999,0
"2016-01-23 02:00:00",832,1.28,176.7,25.8,1.409,0.747,12.84,1002,7999,0
"2016-01-23 03:00:00",833,1.33,262,20.07,1.298,0.508,12.81,1002,7999,0
"2016-01-23 04:00:00",834,1.037,237.9,9.59,1.362,0.468,12.78,1002,7999,0
"2016-01-23 05:00:00",835,1.426,289.5,15.16,1.236,0.405,12.76,1002,7999,0
"2016-01-23 06:00:00",836,1.588,256.3,7.73,1.636,0.708,12.75,1002,7999,0
"2016-01-23 07:00:00",837,1.434,229.1,17.43,1.307,0.47,12.73,1002,7999,0
"2016-01-23 08:00:00",838,1.081,231.1,21.3,1.252,0.434,13.6,1002,7999,0
"2016-01-23 09:00:00",839,0.254,155.7,19.87,0.452,0.163,14.52,1002,7999,0
"2016-01-23 10:00:00",840,1.463,16.62,13.36,1.324,1.091,14.06,1002,7999,0
"2016-01-23 11:00:00",841,1.941,59.47,10.64,1.903,1.303,13.84,1002,7999,0
"2016-01-23 12:00:00",842,1.634,64.71,12.14,1.603,1.077,13.86,1002,7999,0
"2016-01-23 13:00:00",843,1.471,77.73,14.73,1.446,0.998,13.84,1002,7999,0
"2016-01-23 14:00:00",844,1.23,101.1,26.17,1.21,0.921,13.82,1002,7999,0
"2016-01-23 15:00:00",845,2.523,100.8,13.57,2.299,1.551,13.82,1002,7999,0
"2016-01-23 16:00:00",846,2.758,109.8,7.756,2.475,1.758,13.85,1002,7999,0
"2016-01-23 17:00:00",847,3.033,119.4,9.68,2.526,1.843,13.85,1002,7999,0
"2016-01-23 18:00:00",848,3.524,132,18.15,2.919,1.991,13.32,1002,7999,0
"2016-01-23 19:00:00",849,2.496,112.5,46.93,2.172,1.358,13.12,1002,7999,0
"2016-01-23 20:00:00",850,2.029,251.4,64.41,1.881,1.166,13,1002,7999,0
"2016-01-23 21:00:00",851,2.387,265.7,37.83,1.831,0.974,12.95,1002,7999,0
"2016-01-23 22:00:00",852,2.438,3.697,72.14,2.129,1.289,12.92,1002,7999,0
"2016-01-23 23:00:00",853,2.597,18.18,43.98,2.209,1.338,12.91,1002,7999,0
"2016-01-24 00:00:00",854,2.348,309.6,49.13,2.135,1.316,12.88,1002,7999,0
"2016-01-24 01:00:00",855,1.766,245.9,33.42,1.711,0.935,12.87,1002,7999,0
"2016-01-24 02:00:00",856,1.531,264.7,34.37,1.36,0.752,12.84,1002,7999,0
"2016-01-24 03:00:00",857,1.793,298.4,22.69,1.551,0.756,12.81,1002,7999,0
"2016-01-24 04:00:00",858,3.133,285.8,20.45,2.505,1.522,12.79,1002,7999,0
"2016-01-24 05:00:00",859,2.31,275.1,12.61,1.727,0.725,12.76,1002,7999,0
"2016-01-24 06:00:00",860,3.391,284.7,16.33,2.74,1.646,12.76,1002,7999,0
"2016-01-24 07:00:00",861,1.935,261.6,38.71,1.537,0.83,12.78,1002,7999,0
"2016-01-24 08:00:00",862,5.325,344.3,6.621,4.385,2.935,14.21,1002,7999,0
"2016-01-24 09:00:00",863,5.345,335.5,4.801,4.538,3.192,14.09,1002,7999,0
"2016-01-24 10:00:00",864,4.221,341.1,5.036,3.618,2.652,13.83,1002,7999,0
"2016-01-24 11:00:00",865,3.972,350.8,6.97,3.363,2.584,13.82,1002,7999,0
"2016-01-24 12:00:00",866,2.384,42.59,17.19,2.119,1.567,13.79,1002,7999,0
"2016-01-24 13:00:00",867,3.082,25.9,11.82,2.563,2.018,13.7,1002,7999,0
"2016-01-24 14:00:00",868,1.907,66.74,11.63,1.814,1.204,13.72,1002,7999,0
"2016-01-24 15:00:00",869,1.993,42.99,13.1,1.749,1.373,13.71,1002,7999,0
"2016-01-24 16:00:00",870,1.424,81.9,9.89,1.305,0.977,13.71,1002,7999,0
"2016-01-24 17:00:00",871,1.916,105.9,10.57,1.549,1.07,13.81,1002,7999,0
"2016-01-24 18:00:00",872,2.135,166.3,14.61,1.611,0.997,13.3,1002,7999,0
"2016-01-24 19:00:00",873,1.274,179.9,22.77,1.085,0.42,13.07,1002,7999,0
"2016-01-24 20:00:00",874,0.79,179.8,28.28,0.933,0.356,12.99,1002,7999,0
"2016-01-24 21:00:00",875,2.205,189.7,6.945,1.618,0.74,12.94,1002,7999,0
"2016-01-24 22:00:00",876,2.444,283.8,26.12,1.863,0.862,12.92,1002,7999,0
"2016-01-24 23:00:00",877,4.093,338.8,4.583,3.347,2.107,12.89,1002,7999,0
"2016-01-25 00:00:00",878,2.313,327.3,34.32,1.658,0.965,12.88,1002,7999,0
"2016-01-25 01:00:00",879,1.941,204.5,12.76,1.607,0.824,12.87,1002,7999,0
"2016-01-25 02:00:00",880,3.272,309.6,15.89,2.51,1.468,12.84,1002,7999,0
"2016-01-25 03:00:00",881,5.187,350.5,5.394,4.392,2.944,12.82,1002,7999,0
"2016-01-25 04:00:00",882,2.681,298.5,16.52,2.147,1.263,12.8,1002,7999,0
"2016-01-25 05:00:00",883,4.179,319.1,10.12,3.33,2.087,12.78,1002,7999,0
"2016-01-25 06:00:00",884,1.773,202.3,14.38,1.578,0.835,12.76,1002,7999,0
"2016-01-25 07:00:00",885,4.368,333.4,20.22,3.605,2.415,12.79,1002,7999,0
"2016-01-25 08:00:00",886,6.186,343.4,5.932,5.214,3.487,14.12,1002,7999,0
"2016-01-25 09:00:00",887,5.913,336.2,5.805,5.032,3.436,14.38,1002,7999,0
"2016-01-25 10:00:00",888,4.935,357.8,7.046,4.288,3.193,13.94,1002,7999,0
"2016-01-25 11:00:00",889,3.728,6.758,7.298,3.044,2.421,13.8,1002,7999,0
"2016-01-25 12:00:00",890,2.872,52.87,9.22,2.445,1.463,13.7,1002,7999,0
"2016-01-25 13:00:00",891,3.232,43.81,8.82,2.848,2.007,13.68,1002,7999,0
"2016-01-25 14:00:00",892,4.08,35,10.54,3.456,2.494,13.7,1002,7999,0
"2016-01-25 15:00:00",893,3.432,33.5,10.28,2.848,1.985,13.8,1002,7999,0
"2016-01-25 16:00:00",894,2.597,55.36,11.44,2.149,1.308,13.81,1002,7999,0
"2016-01-25 17:00:00",895,5.054,34.21,6.178,4.09,2.606,13.82,1002,7999,0
"2016-01-25 18:00:00",896,5.913,19.59,5.428,4.857,3.232,13.32,1002,7999,0
"2016-01-25 19:00:00",897,4.27,352,23.18,3.544,2.251,13.08,1002,7999,0
"2016-01-25 20:00:00",898,2.958,333.8,14.33,2.274,1.242,12.99,1002,7999,0
"2016-01-25 21:00:00",899,2.967,342.6,8.66,2.344,1.271,12.94,1002,7999,0
"2016-01-25 22:00:00",900,3.645,325.9,5.52,2.872,1.707,12.92,1002,7999,0
"2016-01-25 23:00:00",901,4.74,332.3,5.603,3.784,2.411,12.9,1002,7999,0
"2016-01-26 00:00:00",902,5.215,338.4,6.2,4.348,2.848,12.88,1002,7999,0
"2016-01-26 01:00:00",903,4.844,337.7,5.859,3.959,2.57,12.87,1002,7999,0
"2016-01-26 02:00:00",904,4.053,338.9,7.17,3.259,2,12.84,1002,7999,0
"2016-01-26 03:00:00",905,3.215,329.5,8.52,2.567,1.398,12.83,1002,7999,0
"2016-01-26 04:00:00",906,2.412,331.9,19.78,1.986,1.04,12.8,1002,7999,0
"2016-01-26 05:00:00",907,3.556,332,18.67,2.787,1.661,12.79,1002,7999,0
"2016-01-26 06:00:00",908,5.037,353.2,7.062,4.111,2.721,12.77,1002,7999,0
"2016-01-26 07:00:00",909,3.812,314.1,13.08,3.143,1.881,12.81,1002,7999,0
"2016-01-26 08:00:00",910,3.024,314.2,31.08,2.679,1.778,14.23,1002,7999,0
"2016-01-26 09:00:00",911,3.389,346.6,7.861,2.922,2.078,14.05,1002,7999,0
"2016-01-26 10:00:00",912,4.049,343.6,10.21,3.416,2.526,13.82,1002,7999,0
"2016-01-26 11:00:00",913,3.68,9.2,5.381,2.922,2.276,13.72,1002,7999,0
"2016-01-26 12:00:00",914,2.577,47.83,8.77,2.144,1.587,13.66,1002,7999,0
"2016-01-26 13:00:00",915,2.673,99.3,7.823,2.547,1.88,13.66,1002,7999,0
"2016-01-26 14:00:00",916,3.087,103,9.67,2.9,2.073,13.7,1002,7999,0
"2016-01-26 15:00:00",917,3.135,105.6,7.861,2.884,2.079,13.7,1002,7999,0
"2016-01-26 16:00:00",918,3.26,112.8,6.541,2.985,2.206,13.76,1002,7999,0
"2016-01-26 17:00:00",919,2.579,124.2,4.277,2.094,1.492,13.82,1002,7999,0
"2016-01-26 18:00:00",920,1.857,212.8,12.54,1.303,0.556,13.31,1002,7999,0
"2016-01-26 19:00:00",921,2.555,222.9,16.71,1.954,1.083,13.06,1002,7999,0
"2016-01-26 20:00:00",922,2.501,222.3,24.37,1.792,0.959,12.97,1002,7999,0
"2016-01-26 21:00:00",923,2.567,234.9,21.47,1.765,0.84,12.93,1002,7999,0
"2016-01-26 22:00:00",924,2.431,293.3,12.39,1.911,0.83,12.91,1002,7999,0
"2016-01-26 23:00:00",925,1.146,304.5,18.64,1.286,0.382,12.88,1002,7999,0
"2016-01-27 00:00:00",926,1.941,248,23.27,1.523,0.625,12.87,1002,7999,0
"2016-01-27 01:00:00",927,2.054,274.2,11.53,1.599,0.64,12.84,1002,7999,0
"2016-01-27 02:00:00",928,1.957,245.3,38.62,1.682,0.844,12.82,1002,7999,0
"2016-01-27 03:00:00",929,1.372,229.8,39.37,1.471,0.712,12.8,1002,7999,0
"2016-01-27 04:00:00",930,1.357,267.1,27.5,1.407,0.604,12.77,1002,7999,0
"2016-01-27 05:00:00",931,2.004,250,25.65,1.665,0.857,12.76,1002,7999,0
"2016-01-27 06:00:00",932,1.475,148.1,60.75,1.499,1.029,12.74,1002,7999,0
"2016-01-27 07:00:00",933,2.598,164.1,13.16,1.861,1.026,12.81,1002,7999,0
"2016-01-27 08:00:00",934,1.858,267.2,29.75,1.574,0.723,14.49,1002,7999,0
"2016-01-27 09:00:00",935,2.34,45.97,30.31,2.034,1.206,14.17,1002,7999,0
"2016-01-27 10:00:00",936,1.753,58.11,19.79,1.659,1.111,13.88,1002,7999,0
"2016-01-27 11:00:00",937,1.484,54.63,14.72,1.466,1.062,13.82,1002,7999,0
"2016-01-27 12:00:00",938,2.415,80.2,7.883,2.361,1.549,13.81,1002,7999,0
"2016-01-27 13:00:00",939,2.777,92.2,5.855,2.646,1.792,13.83,1002,7999,0
"2016-01-27 14:00:00",940,2.922,97.2,6.407,2.799,1.967,13.83,1002,7999,0
"2016-01-27 15:00:00",941,2.463,90.6,8.02,2.341,1.536,13.82,1002,7999,0
"2016-01-27 16:00:00",942,0.862,84.8,23.73,0.745,0.478,13.83,1002,7999,0
"2016-01-27 17:00:00",943,1.526,221.9,9.72,1.062,0.584,13.87,1002,7999,0
"2016-01-27 18:00:00",944,1.055,292.9,15.13,1.011,0.199,13.35,1002,7999,0
"2016-01-27 19:00:00",945,1.762,274.1,13.67,1.405,0.584,13.12,1002,7999,0
"2016-01-27 20:00:00",946,1.263,243.7,9.95,1.118,0.42,13,1002,7999,0
"2016-01-27 21:00:00",947,0.992,280.4,15.01,0.661,0.233,12.94,1002,7999,0
"2016-01-27 22:00:00",948,2.085,278.4,12.35,1.521,0.506,12.92,1002,7999,0
"2016-01-27 23:00:00",949,1.557,277.9,15.42,1.457,0.472,12.89,1002,7999,0
"2016-01-28 00:00:00",950,1.078,205.7,30.23,1.432,0.722,12.88,1002,7999,0
"2016-01-28 01:00:00",951,1.26,239.9,28.43,1.482,0.698,12.86,1002,7999,0
"2016-01-28 02:00:00",952,1.592,225.4,17.16,1.462,0.638,12.83,1002,7999,0
"2016-01-28 03:00:00",953,1.105,192.8,25.12,1.545,0.671,12.8,1002,7999,0
"2016-01-28 04:00:00",954,1.5,221,17.15,1.301,0.509,12.77,1002,7999,0
"2016-01-28 05:00:00",955,1.131,254.1,25.37,1.288,0.306,12.75,1002,7999,0
"2016-01-28 06:00:00",956,1.39,221,23.88,1.382,0.626,12.72,1002,7999,0
"2016-01-28 07:00:00",957,2.671,197.1,7.495,1.917,1.004,12.73,1002,7999,0
"2016-01-28 08:00:00",958,1.88,221.8,14.08,1.299,0.462,13.6,1002,7999,0
"2016-01-28 09:00:00",959,1.096,210.6,15.71,0.904,0.536,14.54,1002,7999,0
"2016-01-28 10:00:00",960,1.886,60.25,12.9,1.832,1.246,13.98,1002,7999,0
"2016-01-28 11:00:00",961,2.06,64.48,8.44,2.015,1.196,13.83,1002,7999,0
"2016-01-28 12:00:00",962,1.715,55.55,12.42,1.683,1.189,13.83,1002,7999,0
"2016-01-28 13:00:00",963,1.758,41.13,11.32,1.741,1.338,13.82,1002,7999,0
"2016-01-28 14:00:00",964,1.693,61.89,11.56,1.638,1.163,13.82,1002,7999,0
"2016-01-28 15:00:00",965,1.842,79.77,6.562,1.812,1.105,13.83,1002,7999,0
"2016-01-28 16:00:00",966,2.171,90.1,5.322,2.085,1.354,13.82,1002,7999,0
"2016-01-28 17:00:00",967,0.714,82.2,13.56,0.665,0.341,13.83,1002,7999,0
"2016-01-28 18:00:00",968,0.899,198.1,12.82,0.994,0.272,13.36,1002,7999,0
"2016-01-28 19:00:00",969,1.851,313,8.55,1.482,0.473,13.11,1002,7999,0
"2016-01-28 20:00:00",970,2.48,233.9,7.268,1.915,0.954,13,1002,7999,0
"2016-01-28 21:00:00",971,2.525,274.1,26.32,1.725,0.826,12.94,1002,7999,0
"2016-01-28 22:00:00",972,2.343,252.5,9.85,1.818,0.865,12.92,1002,7999,0
"2016-01-28 23:00:00",973,2.046,217.5,21.96,1.521,0.65,12.89,1002,7999,0
"2016-01-29 00:00:00",974,2.734,286.5,16.61,2.123,1.057,12.88,1002,7999,0
"2016-01-29 01:00:00",975,1.752,305.8,37.37,1.581,0.772,12.85,1002,7999,0
"2016-01-29 02:00:00",976,3.752,305.9,10.93,2.824,1.597,12.83,1002,7999,0
"2016-01-29 03:00:00",977,2.224,211.3,12.41,1.751,0.905,12.8,1002,7999,0
"2016-01-29 04:00:00",978,1.399,169.7,32.79,1.452,0.766,12.77,1002,7999,0
"2016-01-29 05:00:00",979,1.309,223.3,11.29,1.569,0.612,12.77,1002,7999,0
"2016-01-29 06:00:00",980,1.157,181.9,24.54,1.238,0.577,12.73,1002,7999,0
"2016-01-29 07:00:00",981,1.254,201.4,16.66,1.507,0.574,12.77,1002,7999,0
"2016-01-29 08:00:00",982,0.691,233.2,22.01,1.033,0.293,14.37,1002,7999,0
