"TOA5","1002_CR6","CR6","2606","CR6.Std.03","CPU:1002_METandSF_WR Update_20151217.CR6","8942","Hour"
"TIMESTAMP","RECORD","WS6m_ms_S_WVT","WD_6m_D1_WVT","WD_6m_SD1_WVT","WS_2m_Avg","WS_0m_Avg","BattV_Avg","site","snstsnmbr","sensitpc_Tot"
"TS","RN","meters/second","Deg","Deg","meters/second","meters/second","Volts","","",""
"","","WVc","WVc","WVc","Avg","Avg","Avg","Smp","Smp","Tot"
"2016-02-09 11:00:00",1249,1.598,56.96,12.31,1.529,1.014,13.54,1002,7999,0
"2016-02-09 12:00:00",1250,1.9,75.39,8.74,1.899,1.113,13.49,1002,7999,0
"2016-02-09 13:00:00",1251,2.114,82.2,5.92,2.123,1.263,13.47,1002,7999,0
"2016-02-09 14:00:00",1252,1.461,72.93,9.27,1.473,0.931,13.45,1002,7999,0
"2016-02-09 15:00:00",1253,1.791,85.8,7.978,1.769,1.129,13.42,1002,7999,0
"2016-02-09 16:00:00",1254,2.43,100.1,6.632,2.065,1.493,13.44,1002,7999,0
"2016-02-09 17:00:00",1255,1.781,142.4,11.63,1.461,1.074,13.48,1002,7999,0
"2016-02-09 18:00:00",1256,1.995,189.3,8.02,1.061,0.516,13.01,1002,7999,0
"2016-02-09 19:00:00",1257,2.183,203.5,34.81,1.619,0.802,12.86,1002,7999,0
"2016-02-09 20:00:00",1258,1.703,239.1,19.43,1.452,0.631,12.83,1002,7999,0
"2016-02-09 21:00:00",1259,2.368,258.6,5.229,1.418,0.397,12.81,1002,7999,0
"2016-02-09 22:00:00",1260,1.058,287,34.6,0.684,0.263,12.77,1002,7999,0
"2016-02-09 23:00:00",1261,1.525,305.5,15.9,1.288,0.19,12.76,1002,7999,0
"2016-02-10 00:00:00",1262,1.101,273.1,15.44,1.159,0.33,12.74,1002,7999,0
"2016-02-10 01:00:00",1263,1.347,269.7,24,1.288,0.302,12.73,1002,7999,0
"2016-02-10 02:00:00",1264,2.148,326.7,26.41,1.964,1.049,12.72,1002,7999,0
"2016-02-10 03:00:00",1265,1.838,232.9,16.89,1.555,0.67,12.69,1002,7999,0
"2016-02-10 04:00:00",1266,1.545,209.6,27.29,1.296,0.549,12.69,1002,7999,0
"2016-02-10 05:00:00",1267,1.388,259.2,11.45,1.021,0.301,12.66,1002,7999,0
"2016-02-10 06:00:00",1268,1.247,208.9,10.29,1.612,0.531,12.64,1002,7999,0
"2016-02-10 07:00:00",1269,0.748,200.3,19.43,1.086,0.321,12.69,1002,7999,0
"2016-02-10 08:00:00",1270,1.202,224,19.74,1.279,0.542,13.83,1002,7999,0
"2016-02-10 09:00:00",1271,2.205,342.1,26.73,1.988,1.519,14.26,1002,7999,0
"2016-02-10 10:00:00",1272,1.413,55.14,21.07,1.359,0.989,14.1,1002,7999,0
"2016-02-10 11:00:00",1273,1.677,71.24,10.92,1.679,1.082,13.61,1002,7999,0
"2016-02-10 12:00:00",1274,1.998,70.05,6.649,1.997,1.188,13.58,1002,7999,0
"2016-02-10 13:00:00",1275,2.313,85.9,8.24,2.213,1.423,13.58,1002,7999,0
"2016-02-10 14:00:00",1276,2.536,90.8,6.516,2.365,1.546,13.61,1002,7999,0
"2016-02-10 15:00:00",1277,2.772,84.4,6.758,2.518,1.51,13.61,1002,7999,0
"2016-02-10 16:00:00",1278,2.81,100.4,6.109,2.384,1.75,13.63,1002,7999,0
"2016-02-10 17:00:00",1279,1.418,124.7,8.78,1.234,0.682,13.63,1002,7999,0
"2016-02-10 18:00:00",1280,1.929,145.1,9.35,1.354,0.538,13.1,1002,7999,0
"2016-02-10 19:00:00",1281,1.619,172.6,15.41,1.198,0.297,12.86,1002,7999,0
"2016-02-10 20:00:00",1282,1.864,276.6,23.64,1.315,0.312,12.83,1002,7999,0
"2016-02-10 21:00:00",1283,1.724,248.2,36.29,1.168,0.302,12.8,1002,7999,0
"2016-02-10 22:00:00",1284,1.15,283.7,17.65,1.291,0.348,12.77,1002,7999,0
"2016-02-10 23:00:00",1285,1.558,226.8,19.94,1.562,0.653,12.76,1002,7999,0
"2016-02-11 00:00:00",1286,1.05,266.6,25.85,1.274,0.373,12.76,1002,7999,0
"2016-02-11 01:00:00",1287,2.205,277.1,27.14,1.775,0.737,12.73,1002,7999,0
"2016-02-11 02:00:00",1288,2.054,118.2,31.84,1.995,1.012,12.73,1002,7999,0
"2016-02-11 03:00:00",1289,1.322,227.3,36.92,1.524,0.664,12.7,1002,7999,0
"2016-02-11 04:00:00",1290,1.752,259.3,34.32,1.312,0.576,12.69,1002,7999,0
"2016-02-11 05:00:00",1291,1.515,201.8,10.82,1.651,0.508,12.66,1002,7999,0
"2016-02-11 06:00:00",1292,2.106,197.6,7.66,1.549,0.553,12.64,1002,7999,0
"2016-02-11 07:00:00",1293,1.987,294,31.28,2.056,0.9,12.68,1002,7999,0
"2016-02-11 08:00:00",1294,1.846,159.9,43.35,1.574,0.843,13.82,1002,7999,0
"2016-02-11 09:00:00",1295,0.867,57.85,18.88,0.851,0.598,14.24,1002,7999,0
"2016-02-11 10:00:00",1296,1.973,82.4,8.34,1.937,1.186,14.06,1002,7999,0
"2016-02-11 11:00:00",1297,2.141,88.1,8.42,2.07,1.399,13.66,1002,7999,0
"2016-02-11 12:00:00",1298,2.635,91.5,5.941,2.571,1.811,13.66,1002,7999,0
"2016-02-11 13:00:00",1299,2.515,85,7.216,2.539,1.443,13.63,1002,7999,0
"2016-02-11 14:00:00",1300,2.019,55.87,10.82,2.006,1.345,13.64,1002,7999,0
"2016-02-11 15:00:00",1301,1.417,70.21,13.41,1.438,0.987,13.64,1002,7999,0
"2016-02-11 16:00:00",1302,1.77,88.3,6.722,1.682,1.096,13.63,1002,7999,0
"2016-02-11 17:00:00",1303,2.261,114.4,4.101,1.786,1.253,13.64,1002,7999,0
"2016-02-11 18:00:00",1304,1.543,164.3,12.42,1.213,0.623,13.08,1002,7999,0
"2016-02-11 19:00:00",1305,1.936,286.8,11.2,1.479,0.444,12.86,1002,7999,0
"2016-02-11 20:00:00",1306,1.521,289.3,10.93,1.47,0.287,12.83,1002,7999,0
"2016-02-11 21:00:00",1307,1.685,250.8,9.78,1.631,0.634,12.81,1002,7999,0
"2016-02-11 22:00:00",1308,1.144,290.1,15.58,1.168,0.292,12.79,1002,7999,0
"2016-02-11 23:00:00",1309,0.993,277.8,22.95,1.319,0.23,12.76,1002,7999,0
"2016-02-12 00:00:00",1310,0.926,216.3,14.16,1.373,0.268,12.76,1002,7999,0
"2016-02-12 01:00:00",1311,1.402,269.7,9.98,1.482,0.299,12.73,1002,7999,0
"2016-02-12 02:00:00",1312,1.708,286.3,17.43,1.346,0.492,12.72,1002,7999,0
"2016-02-12 03:00:00",1313,1.675,184.1,22.32,1.482,0.606,12.7,1002,7999,0
"2016-02-12 04:00:00",1314,1.929,166.9,14.06,1.65,0.552,12.69,1002,7999,0
"2016-02-12 05:00:00",1315,1.282,272.4,24.48,1.597,0.638,12.66,1002,7999,0
"2016-02-12 06:00:00",1316,1.869,281.1,11.91,1.523,0.605,12.64,1002,7999,0
"2016-02-12 07:00:00",1317,1.173,215.8,23.02,1.53,0.502,12.69,1002,7999,0
"2016-02-12 08:00:00",1318,1.486,306.9,21.01,1.338,0.633,13.85,1002,7999,0
"2016-02-12 09:00:00",1319,2.34,13.68,8.08,2.141,1.662,14.28,1002,7999,0
"2016-02-12 10:00:00",1320,2.058,10.97,10.19,2.02,1.682,14.09,1002,7999,0
"2016-02-12 11:00:00",1321,1.075,64.46,18.29,1.042,0.813,13.63,1002,7999,0
"2016-02-12 12:00:00",1322,1.78,87.1,9.73,1.841,1.231,13.58,1002,7999,0
"2016-02-12 13:00:00",1323,3.235,97.5,4.442,2.959,2.176,13.59,1002,7999,0
"2016-02-12 14:00:00",1324,3.906,100.7,4.884,3.348,2.379,13.61,1002,7999,0
"2016-02-12 15:00:00",1325,3.501,104.1,5.352,3.056,2.178,13.61,1002,7999,0
"2016-02-12 16:00:00",1326,2.875,109.6,6.259,2.616,1.935,13.6,1002,7999,0
"2016-02-12 17:00:00",1327,1.914,136.5,8.85,1.677,1.303,13.6,1002,7999,0
"2016-02-12 18:00:00",1328,1.064,233.5,22.59,0.892,0.277,13.06,1002,7999,0
"2016-02-12 19:00:00",1329,1.941,284.2,18.07,1.309,0.258,12.87,1002,7999,0
"2016-02-12 20:00:00",1330,1.174,298.4,15.57,1.168,0.469,12.84,1002,7999,0
"2016-02-12 21:00:00",1331,1.077,272.7,15.12,1.412,0.383,12.81,1002,7999,0
"2016-02-12 22:00:00",1332,1.782,190.9,13.94,1.497,0.658,12.79,1002,7999,0
"2016-02-12 23:00:00",1333,1.035,232.2,15.62,1.581,0.478,12.76,1002,7999,0
"2016-02-13 00:00:00",1334,1.13,206.8,9.91,1.477,0.385,12.77,1002,7999,0
"2016-02-13 01:00:00",1335,0.944,217.7,7.458,1.567,0.441,12.73,1002,7999,0
"2016-02-13 02:00:00",1336,0.78,231.8,20.62,1.483,0.398,12.72,1002,7999,0
"2016-02-13 03:00:00",1337,0.563,232.8,12.81,1.307,0.253,12.7,1002,7999,0
"2016-02-13 04:00:00",1338,1.326,302.4,17.83,1.18,0.273,12.69,1002,7999,0
"2016-02-13 05:00:00",1339,1.411,257.6,15.3,1.523,0.411,12.66,1002,7999,0
"2016-02-13 06:00:00",1340,1.736,204.9,6.989,1.637,0.541,12.62,1002,7999,0
"2016-02-13 07:00:00",1341,0.899,230.8,10.71,1.605,0.468,12.69,1002,7999,0
"2016-02-13 08:00:00",1342,1.275,292.7,10.29,1.222,0.267,13.87,1002,7999,0
"2016-02-13 09:00:00",1343,1.642,347.8,15.89,1.533,1.238,14.24,1002,7999,0
"2016-02-13 10:00:00",1344,1.602,58.02,8.08,1.574,1.066,14.06,1002,7999,0
"2016-02-13 11:00:00",1345,2.513,83.8,5.712,2.462,1.499,13.67,1002,7999,0
"2016-02-13 12:00:00",1346,3.327,91.9,4.789,3.195,2.151,13.65,1002,7999,0
"2016-02-13 13:00:00",1347,3.346,97.2,5.09,3.1,2.23,13.64,1002,7999,0
"2016-02-13 14:00:00",1348,3.222,98.8,5.187,2.95,2.17,13.63,1002,7999,0
"2016-02-13 15:00:00",1349,1.736,74.8,9.47,1.728,1.166,13.63,1002,7999,0
"2016-02-13 16:00:00",1350,1.257,30.93,11.62,1.281,1.11,13.64,1002,7999,0
"2016-02-13 17:00:00",1351,0.92,335.1,13.17,0.519,0.518,13.63,1002,7999,0
"2016-02-13 18:00:00",1352,1.037,241.1,33.71,0.685,0.238,13.09,1002,7999,0
"2016-02-13 19:00:00",1353,1.013,290.7,27.28,0.796,0.232,12.87,1002,7999,0
"2016-02-13 20:00:00",1354,1.081,268,14.57,1.309,0.452,12.84,1002,7999,0
"2016-02-13 21:00:00",1355,1.454,282.6,21.9,1.416,0.525,12.81,1002,7999,0
"2016-02-13 22:00:00",1356,1.773,181.7,19.9,1.612,0.728,12.8,1002,7999,0
"2016-02-13 23:00:00",1357,1.169,242.9,33.41,1.471,0.537,12.78,1002,7999,0
"2016-02-14 00:00:00",1358,3.441,320,9.49,2.327,0.885,12.77,1002,7999,0
"2016-02-14 01:00:00",1359,2.431,333.6,11.32,1.7,0.747,12.76,1002,7999,0
"2016-02-14 02:00:00",1360,3.239,341.5,5.744,2.08,0.815,12.74,1002,7999,0
"2016-02-14 03:00:00",1361,3.753,345.1,6.692,2.669,1.346,12.72,1002,7999,0
"2016-02-14 04:00:00",1362,4.936,333.4,5.476,3.601,2.17,12.72,1002,7999,0
"2016-02-14 05:00:00",1363,4.178,352.1,14.89,3.294,2.022,12.69,1002,7999,0
"2016-02-14 06:00:00",1364,3.992,350.7,13.64,3.238,2.014,12.68,1002,7999,0
"2016-02-14 07:00:00",1365,2.414,226.5,33.63,2.009,1.148,12.75,1002,7999,0
"2016-02-14 08:00:00",1366,1.625,200.3,22.96,1.192,0.612,13.68,1002,7999,0
"2016-02-14 09:00:00",1367,1.682,74.73,41.98,1.49,1.059,14.14,1002,7999,0
"2016-02-14 10:00:00",1368,1.334,37.37,50.6,1.268,0.972,13.95,1002,7999,0
"2016-02-14 11:00:00",1369,1.533,61.87,30.79,1.433,1.149,13.51,1002,7999,0
"2016-02-14 12:00:00",1370,2.139,87.7,31.2,2.118,1.408,13.43,1002,7999,0
"2016-02-14 13:00:00",1371,2.899,95.1,6.657,2.659,1.84,13.46,1002,7999,0
"2016-02-14 14:00:00",1372,2.462,91.5,27.72,2.323,1.7,13.44,1002,7999,0
"2016-02-14 15:00:00",1373,2.654,14.08,13.09,2.319,1.837,13.42,1002,7999,0
"2016-02-14 16:00:00",1374,5.222,21.65,6.651,4.137,2.811,13.47,1002,7999,0
"2016-02-14 17:00:00",1375,4.882,346.4,6.604,3.774,2.627,13.55,1002,7999,0
"2016-02-14 18:00:00",1376,3.822,331.8,9.69,2.89,1.697,13.11,1002,7999,0
"2016-02-14 19:00:00",1377,4.869,356.5,9.21,3.959,2.703,12.87,1002,7999,0
"2016-02-14 20:00:00",1378,5.704,342.6,5.945,4.551,3.026,12.84,1002,7999,0
"2016-02-14 21:00:00",1379,7.177,348,6.307,5.832,3.973,12.82,1002,7999,0
"2016-02-14 22:00:00",1380,5.246,341.8,5.476,4.281,2.872,12.81,1002,7999,0
"2016-02-14 23:00:00",1381,5.834,341.3,4.937,4.789,3.213,12.8,1002,7999,0
"2016-02-15 00:00:00",1382,4.586,348.2,5.776,3.756,2.462,12.77,1002,7999,0
"2016-02-15 01:00:00",1383,5.055,348,7.411,4.063,2.689,12.76,1002,7999,0
"2016-02-15 02:00:00",1384,5.125,346.6,5.951,4.17,2.783,12.76,1002,7999,0
"2016-02-15 03:00:00",1385,5.319,339.6,8.9,4.286,2.832,12.74,1002,7999,0
"2016-02-15 04:00:00",1386,4.931,339.7,4.913,3.872,2.505,12.72,1002,7999,0
"2016-02-15 05:00:00",1387,1.978,274.3,44.23,1.647,0.921,12.71,1002,7999,0
"2016-02-15 06:00:00",1388,2.559,282.1,49.95,2.016,1.135,12.69,1002,7999,0
"2016-02-15 07:00:00",1389,2.82,182.3,15.73,2.228,1.304,12.76,1002,7999,0
"2016-02-15 08:00:00",1390,2.017,173.1,16.38,1.643,0.902,13.64,1002,7999,0
"2016-02-15 09:00:00",1391,2.245,199.5,12.62,2.018,1.499,14.07,1002,7999,0
"2016-02-15 10:00:00",1392,1.776,135.9,37.4,1.681,1.355,13.88,1002,7999,0
"2016-02-15 11:00:00",1393,2.757,169.1,23.06,2.59,2.027,13.4,1002,7999,0
"2016-02-15 12:00:00",1394,2.344,174.4,39.98,2.249,1.79,13.36,1002,7999,0
"2016-02-15 13:00:00",1395,2.264,89,18.29,2.22,1.509,13.34,1002,7999,0
"2016-02-15 14:00:00",1396,1.92,72.23,13.21,1.856,1.276,13.36,1002,7999,0
"2016-02-15 15:00:00",1397,2.727,100.6,5.997,2.524,1.88,13.4,1002,7999,0
"2016-02-15 16:00:00",1398,2.211,96.9,6.8,1.984,1.482,13.42,1002,7999,0
"2016-02-15 17:00:00",1399,1.816,112.8,6.334,1.646,1.103,13.43,1002,7999,0
"2016-02-15 18:00:00",1400,1.703,147.3,8.54,1.254,0.575,13.03,1002,7999,0
"2016-02-15 19:00:00",1401,1.377,186.2,38.01,0.934,0.384,12.87,1002,7999,0
"2016-02-15 20:00:00",1402,1.685,230.6,32.79,1.384,0.731,12.85,1002,7999,0
"2016-02-15 21:00:00",1403,1.947,300.9,16.87,1.334,0.564,12.81,1002,7999,0
"2016-02-15 22:00:00",1404,1.675,340.5,30.94,1.372,0.621,12.8,1002,7999,0
"2016-02-15 23:00:00",1405,1.603,272.7,22.42,1.436,0.729,12.78,1002,7999,0
"2016-02-16 00:00:00",1406,1.971,325.7,10.34,1.08,0.323,12.77,1002,7999,0
"2016-02-16 01:00:00",1407,2.176,311,35.66,1.468,0.591,12.76,1002,7999,0
"2016-02-16 02:00:00",1408,2.341,345.7,42.6,1.821,0.756,12.74,1002,7999,0
"2016-02-16 03:00:00",1409,2.084,185.8,36.38,1.808,0.983,12.73,1002,7999,0
"2016-02-16 04:00:00",1410,1.499,234.7,25.72,1.23,0.522,12.71,1002,7999,0
"2016-02-16 05:00:00",1411,1.749,177.7,55.35,1.387,0.635,12.69,1002,7999,0
"2016-02-16 06:00:00",1412,1.629,200.9,22.6,1.476,0.497,12.69,1002,7999,0
"2016-02-16 07:00:00",1413,1.542,238.2,17.03,1.454,0.473,12.76,1002,7999,0
"2016-02-16 08:00:00",1414,2.307,320,25.47,1.859,1.051,13.8,1002,7999,0
"2016-02-16 09:00:00",1415,1.062,21.19,32.5,0.957,0.657,14.15,1002,7999,0
"2016-02-16 10:00:00",1416,1.855,90.5,14.24,1.777,1.233,13.91,1002,7999,0
"2016-02-16 11:00:00",1417,2.311,95,5.86,2.122,1.455,13.5,1002,7999,0
"2016-02-16 12:00:00",1418,1.957,82.5,9.44,1.962,1.281,13.44,1002,7999,0
"2016-02-16 13:00:00",1419,1.697,43.34,12.04,1.708,1.364,13.41,1002,7999,0
"2016-02-16 14:00:00",1420,3.182,95.2,5.598,2.762,1.922,13.41,1002,7999,0
"2016-02-16 15:00:00",1421,3.692,99.2,5.764,2.865,2.027,13.46,1002,7999,0
"2016-02-16 16:00:00",1422,4.021,105,6.687,3.304,2.239,13.52,1002,7999,0
"2016-02-16 17:00:00",1423,3.889,128.7,5.131,3.478,2.65,13.51,1002,7999,0
"2016-02-16 18:00:00",1424,2.135,143.5,8.47,1.48,0.777,13.07,1002,7999,0
"2016-02-16 19:00:00",1425,1.805,153.1,16.49,1.327,0.487,12.89,1002,7999,0
"2016-02-16 20:00:00",1426,2.342,134.4,7.532,1.543,0.611,12.85,1002,7999,0
"2016-02-16 21:00:00",1427,2.003,273.3,25.81,1.611,0.524,12.82,1002,7999,0
"2016-02-16 22:00:00",1428,2.292,243.5,6.986,1.669,0.584,12.81,1002,7999,0
"2016-02-16 23:00:00",1429,2.485,287.2,15.47,1.71,0.66,12.79,1002,7999,0
"2016-02-17 00:00:00",1430,1.631,293.9,14,1.217,0.234,12.76,1002,7999,0
"2016-02-17 01:00:00",1431,1.509,273.1,11.86,1.321,0.27,12.76,1002,7999,0
"2016-02-17 02:00:00",1432,1.352,292,16.75,1.25,0.134,12.72,1002,7999,0
"2016-02-17 03:00:00",1433,1.007,175.6,27.14,1.102,0.407,12.73,1002,7999,0
"2016-02-17 04:00:00",1434,1.188,159.8,28.4,1.509,0.486,12.7,1002,7999,0
"2016-02-17 05:00:00",1435,2.561,180.5,4.186,1.865,0.776,12.69,1002,7999,0
"2016-02-17 06:00:00",1436,2.13,177.8,16.42,1.699,0.704,12.66,1002,7999,0
"2016-02-17 07:00:00",1437,1.467,275.9,9.12,1.284,0.191,12.74,1002,7999,0
"2016-02-17 08:00:00",1438,1.592,301.6,11.21,1.316,0.474,13.84,1002,7999,0
"2016-02-17 09:00:00",1439,2.087,339.9,10.58,1.987,1.581,14.2,1002,7999,0
"2016-02-17 10:00:00",1440,2.012,14.69,11.16,1.999,1.638,14.01,1002,7999,0
"2016-02-17 11:00:00",1441,2.308,70.4,7.63,2.275,1.342,13.62,1002,7999,0
"2016-02-17 12:00:00",1442,3.192,86.9,6.544,3.041,1.912,13.61,1002,7999,0
"2016-02-17 13:00:00",1443,3.723,86.7,6.132,3.498,1.99,13.61,1002,7999,0
"2016-02-17 14:00:00",1444,4.177,112.8,9.03,3.808,2.807,13.58,1002,7999,0
"2016-02-17 15:00:00",1445,3.21,92.1,6.363,2.837,1.749,13.54,1002,7999,0
"2016-02-17 16:00:00",1446,2.839,111.3,15.66,2.43,1.776,13.54,1002,7999,0
"2016-02-17 17:00:00",1447,2.802,158,14.77,2.405,1.759,13.43,1002,7999,0
"2016-02-17 18:00:00",1448,4.504,226.4,29.33,3.921,2.55,12.96,1002,7999,0
"2016-02-17 19:00:00",1449,9.17,250.4,7.545,7.985,4.899,12.89,1002,7999,0
"2016-02-17 20:00:00",1450,7.187,231.1,8.08,6.268,4.043,12.85,1002,7999,0
"2016-02-17 21:00:00",1451,5.497,218.2,10.28,4.703,3.183,12.84,1002,7999,0
"2016-02-17 22:00:00",1452,4.522,215.3,7.013,3.76,2.538,12.84,1002,7999,0
"2016-02-17 23:00:00",1453,5.277,223.2,7.94,4.433,3.008,12.81,1002,7999,0
"2016-02-18 00:00:00",1454,3.802,331.2,26.27,3.097,2.027,12.8,1002,7999,0
"2016-02-18 01:00:00",1455,3.237,172.3,32.73,2.556,1.735,12.78,1002,7999,0
"2016-02-18 02:00:00",1456,4.501,154.5,10.2,3.856,2.785,12.77,1002,7999,0
"2016-02-18 03:00:00",1457,7.409,139.2,5.973,6.532,4.822,12.76,1002,7999,0
"2016-02-18 04:00:00",1458,7.679,196.2,11.88,6.798,4.699,12.75,1002,7999,0
"2016-02-18 05:00:00",1459,8.34,304.2,9.83,7.382,4.958,12.73,1002,7999,0
"2016-02-18 06:00:00",1460,5.635,322.8,11.29,4.845,3.272,12.72,1002,7999,0
"2016-02-18 07:00:00",1461,4.48,265.2,40.37,3.98,2.677,12.71,1002,7999,0
"2016-02-18 08:00:00",1462,4.347,212.1,32.13,3.901,2.718,12.96,1002,7999,0
"2016-02-18 09:00:00",1463,2.731,329,40.67,2.396,1.818,13.54,1002,7999,0
"2016-02-18 10:00:00",1464,2.448,42.57,18.07,2.078,1.522,14.04,1002,7999,0
"2016-02-18 11:00:00",1465,4.019,61.53,13.35,3.516,2.487,13.96,1002,7999,0
"2016-02-18 12:00:00",1466,4.724,353.6,8.84,3.98,3.066,13.53,1002,7999,0
"2016-02-18 13:00:00",1467,3.627,358.3,8.75,2.966,2.407,13.55,1002,7999,0
"2016-02-18 14:00:00",1468,2.351,101.6,32.23,2.201,1.549,13.54,1002,7999,0
"2016-02-18 15:00:00",1469,4.228,240.5,29.87,3.85,2.796,13.49,1002,7999,0
"2016-02-18 16:00:00",1470,4.519,249.9,40.34,4.078,2.902,13.5,1002,7999,0
"2016-02-18 17:00:00",1471,7.809,255.6,7.408,6.892,4.199,13.51,1002,7999,0
"2016-02-18 18:00:00",1472,4.473,294.7,13.25,3.691,2.358,13,1002,7999,0
"2016-02-18 19:00:00",1473,4.154,323,5.343,3.346,2.18,12.87,1002,7999,0
"2016-02-18 20:00:00",1474,5.861,329.7,5.453,4.826,3.255,12.84,1002,7999,0
"2016-02-18 21:00:00",1475,5.776,326.9,4.515,4.807,3.201,12.82,1002,7999,0
"2016-02-18 22:00:00",1476,6.262,323.6,5.043,5.363,3.569,12.81,1002,7999,0
"2016-02-18 23:00:00",1477,5.724,322.4,5.642,4.899,3.24,12.8,1002,7999,0
"2016-02-19 00:00:00",1478,4.399,322.7,6.225,3.658,2.424,12.77,1002,7999,0
"2016-02-19 01:00:00",1479,5.772,329.7,5.262,4.904,3.321,12.77,1002,7999,0
"2016-02-19 02:00:00",1480,7.165,330.4,4.438,6.156,4.174,12.76,1002,7999,0
"2016-02-19 03:00:00",1481,7.154,338.7,4.573,6.053,4.109,12.74,1002,7999,0
"2016-02-19 04:00:00",1482,6.579,331.3,4.91,5.654,3.825,12.73,1002,7999,0
"2016-02-19 05:00:00",1483,4.354,321.6,6.125,3.585,2.373,12.71,1002,7999,0
"2016-02-19 06:00:00",1484,4.105,327.1,7.97,3.209,1.94,12.69,1002,7999,0
"2016-02-19 07:00:00",1485,6.367,340.6,4.103,5.416,3.66,12.72,1002,7999,0
"2016-02-19 08:00:00",1486,5.503,329.6,4.785,4.749,3.254,13.39,1002,7999,0
"2016-02-19 09:00:00",1487,6.454,342.2,4.201,5.521,3.877,14.15,1002,7999,0
"2016-02-19 10:00:00",1488,4.883,355,5.801,4.265,3.19,14.12,1002,7999,0
"2016-02-19 11:00:00",1489,3.168,1.855,8.97,2.753,2.286,13.62,1002,7999,0
"2016-02-19 12:00:00",1490,3.183,24.03,5.742,2.652,2.087,13.55,1002,7999,0
"2016-02-19 13:00:00",1491,3.342,91.4,8.21,3.043,2.061,13.54,1002,7999,0
"2016-02-19 14:00:00",1492,2.655,93.6,11.5,2.541,1.698,13.55,1002,7999,0
"2016-02-19 15:00:00",1493,2.215,84.9,11.28,2.142,1.432,13.55,1002,7999,0
"2016-02-19 16:00:00",1494,1.781,92.8,8.89,1.677,1.253,13.57,1002,7999,0
"2016-02-19 17:00:00",1495,1.67,88.2,8.23,1.442,0.934,13.57,1002,7999,0
"2016-02-19 18:00:00",1496,1.448,168.2,29.7,1.127,0.466,13.09,1002,7999,0
"2016-02-19 19:00:00",1497,0.837,132.7,31.71,0.946,0.25,12.87,1002,7999,0
"2016-02-19 20:00:00",1498,1.28,288.4,27.23,1.225,0.321,12.84,1002,7999,0
"2016-02-19 21:00:00",1499,2.031,311,13.92,1.241,0.454,12.81,1002,7999,0
"2016-02-19 22:00:00",1500,3.909,329.5,3.946,2.897,1.608,12.81,1002,7999,0
"2016-02-19 23:00:00",1501,5.023,341.9,5.11,4.04,2.629,12.8,1002,7999,0
"2016-02-20 00:00:00",1502,6.431,339.6,4.461,5.393,3.614,12.77,1002,7999,0
"2016-02-20 01:00:00",1503,6.164,339.1,4.39,5.226,3.51,12.76,1002,7999,0
"2016-02-20 02:00:00",1504,5.332,324.3,4.935,4.408,2.881,12.76,1002,7999,0
"2016-02-20 03:00:00",1505,2.537,293,23.16,2.034,1.127,12.73,1002,7999,0
"2016-02-20 04:00:00",1506,3.271,307.3,10.93,2.519,1.477,12.72,1002,7999,0
"2016-02-20 05:00:00",1507,3.925,317.2,14.35,3.114,1.968,12.68,1002,7999,0
"2016-02-20 06:00:00",1508,4.092,318.2,6.656,3.225,1.991,12.69,1002,7999,0
"2016-02-20 07:00:00",1509,2.088,228.8,32.96,1.77,0.852,12.77,1002,7999,0
"2016-02-20 08:00:00",1510,4.565,341.6,12.35,3.907,2.667,13.8,1002,7999,0
"2016-02-20 09:00:00",1511,3.15,354.1,5.25,2.804,2.16,14.2,1002,7999,0
"2016-02-20 10:00:00",1512,4.024,3.355,6.43,3.582,2.792,14.04,1002,7999,0
"2016-02-20 11:00:00",1513,1.963,39.73,9.89,1.921,1.346,13.58,1002,7999,0
"2016-02-20 12:00:00",1514,2.37,64.7,8.93,2.318,1.338,13.55,1002,7999,0
"2016-02-20 13:00:00",1515,1.709,39.4,9.25,1.749,1.377,13.53,1002,7999,0
"2016-02-20 14:00:00",1516,2.681,51.8,7.072,2.587,1.592,13.49,1002,7999,0
"2016-02-20 15:00:00",1517,3.224,86.2,5.983,3.075,1.855,13.55,1002,7999,0
"2016-02-20 16:00:00",1518,2.883,100.2,6.321,2.65,1.85,13.57,1002,7999,0
"2016-02-20 17:00:00",1519,2.447,129.4,8.41,2.256,1.766,13.57,1002,7999,0
"2016-02-20 18:00:00",1520,2.113,128.9,6.57,1.468,0.668,13.09,1002,7999,0
"2016-02-20 19:00:00",1521,0.782,186.6,21.2,0.734,0.243,12.88,1002,7999,0
"2016-02-20 20:00:00",1522,2.119,206.5,7.253,1.458,0.489,12.84,1002,7999,0
"2016-02-20 21:00:00",1523,2.233,195,33.53,1.85,0.877,12.83,1002,7999,0
"2016-02-20 22:00:00",1524,1.476,316,16.59,1.307,0.418,12.81,1002,7999,0
"2016-02-20 23:00:00",1525,3.473,338.1,9.5,2.665,1.588,12.79,1002,7999,0
"2016-02-21 00:00:00",1526,4.762,0.203,5.74,3.761,2.502,12.77,1002,7999,0
"2016-02-21 01:00:00",1527,4.733,344.7,10.88,3.786,2.509,12.76,1002,7999,0
"2016-02-21 02:00:00",1528,1.819,294.9,30.52,1.51,0.629,12.75,1002,7999,0
"2016-02-21 03:00:00",1529,2.897,311.9,16.97,2.269,1.188,12.73,1002,7999,0
"2016-02-21 04:00:00",1530,4.082,329.4,9.73,3.167,1.916,12.71,1002,7999,0
"2016-02-21 05:00:00",1531,3.677,336.9,13.37,3.129,2.034,12.69,1002,7999,0
"2016-02-21 06:00:00",1532,3.011,296,14.87,2.407,1.403,12.68,1002,7999,0
"2016-02-21 07:00:00",1533,2.575,278.5,18.61,1.902,0.908,12.77,1002,7999,0
"2016-02-21 08:00:00",1534,2.911,12.41,41.43,2.447,1.571,13.79,1002,7999,0
"2016-02-21 09:00:00",1535,2.171,23.12,16.66,1.927,1.342,14.16,1002,7999,0
"2016-02-21 10:00:00",1536,2.797,338.4,7.533,2.564,2.04,13.94,1002,7999,0
"2016-02-21 11:00:00",1537,3.509,77.58,16.42,3.173,2.326,13.56,1002,7999,0
"2016-02-21 12:00:00",1538,3.303,100.3,4.896,2.94,2.168,13.58,1002,7999,0
"2016-02-21 13:00:00",1539,3.155,95,5.131,2.963,2.101,13.55,1002,7999,0
"2016-02-21 14:00:00",1540,3.473,84.8,5.717,3.361,1.933,13.57,1002,7999,0
"2016-02-21 15:00:00",1541,2.527,73.87,20.16,2.41,1.568,13.6,1002,7999,0
"2016-02-21 16:00:00",1542,1.6,355.5,15.21,1.539,1.332,13.6,1002,7999,0
"2016-02-21 17:00:00",1543,0.722,170.5,13.31,0.77,0.536,13.58,1002,7999,0
"2016-02-21 18:00:00",1544,1.39,83,21.41,1.085,0.293,13.1,1002,7999,0
"2016-02-21 19:00:00",1545,1.242,287.3,30.31,1.289,0.422,12.87,1002,7999,0
"2016-02-21 20:00:00",1546,2.997,263.5,3.979,1.901,0.759,12.84,1002,7999,0
"2016-02-21 21:00:00",1547,1.12,87.2,47.38,0.923,0.46,12.82,1002,7999,0
"2016-02-21 22:00:00",1548,1.795,303.4,22.97,1.285,0.579,12.81,1002,7999,0
"2016-02-21 23:00:00",1549,2.709,326.4,24.81,1.885,0.757,12.78,1002,7999,0
"2016-02-22 00:00:00",1550,2.543,344.3,44.13,2.008,1.148,12.77,1002,7999,0
"2016-02-22 01:00:00",1551,4.538,324.4,9.71,3.6,2.233,12.76,1002,7999,0
"2016-02-22 02:00:00",1552,2.523,290.8,31.87,1.959,1.157,12.75,1002,7999,0
"2016-02-22 03:00:00",1553,2.712,295.9,14.52,2.112,1.089,12.73,1002,7999,0
"2016-02-22 04:00:00",1554,2.359,274.1,31.21,1.778,0.787,12.7,1002,7999,0
"2016-02-22 05:00:00",1555,2.969,301.4,32.51,2.235,1.198,12.69,1002,7999,0
"2016-02-22 06:00:00",1556,2.907,332.7,44.11,2.387,1.433,12.68,1002,7999,0
"2016-02-22 07:00:00",1557,2.152,269.3,35.47,1.687,0.873,12.78,1002,7999,0
"2016-02-22 08:00:00",1558,1.583,302.3,35.29,1.375,0.837,13.85,1002,7999,0
"2016-02-22 09:00:00",1559,2.739,8.43,14.78,2.391,1.816,14.15,1002,7999,0
"2016-02-22 10:00:00",1560,4.93,7.904,9.6,3.961,2.9,13.97,1002,7999,0
"2016-02-22 11:00:00",1561,6.614,1.985,7.809,5.195,3.848,13.57,1002,7999,0
"2016-02-22 12:00:00",1562,6.161,354.6,10.55,5.021,3.691,13.52,1002,7999,0
"2016-02-22 13:00:00",1563,8.52,343.1,7.878,7.129,5.026,13.49,1002,7999,0
"2016-02-22 14:00:00",1564,7.638,348,5.298,6.248,4.472,13.49,1002,7999,0
"2016-02-22 15:00:00",1565,6.399,355,8.8,5.044,3.69,13.53,1002,7999,0
"2016-02-22 16:00:00",1566,6.613,351,5.291,5.175,3.681,13.55,1002,7999,0
"2016-02-22 17:00:00",1567,5.081,356.3,4.829,3.734,2.607,13.59,1002,7999,0
"2016-02-22 18:00:00",1568,4.328,353.2,8.34,3.209,2.064,13.14,1002,7999,0
"2016-02-22 19:00:00",1569,3.8,343.9,5.614,2.669,1.469,12.87,1002,7999,0
"2016-02-22 20:00:00",1570,2.39,15.78,13.24,1.505,0.51,12.84,1002,7999,0
"2016-02-22 21:00:00",1571,1.243,323.5,16.83,1.056,0.268,12.81,1002,7999,0
"2016-02-22 22:00:00",1572,3.184,331.5,8.17,2.182,1.14,12.81,1002,7999,0
"2016-02-22 23:00:00",1573,3.095,292.4,16.01,2.135,0.911,12.8,1002,7999,0
"2016-02-23 00:00:00",1574,2.895,267.7,7.703,1.954,0.725,12.77,1002,7999,0
"2016-02-23 01:00:00",1575,2.686,283.5,12.19,1.671,0.469,12.77,1002,7999,0
"2016-02-23 02:00:00",1576,3.86,303.2,11.57,2.865,1.551,12.74,1002,7999,0
"2016-02-23 03:00:00",1577,2.219,244.4,8.27,1.682,0.598,12.72,1002,7999,0
"2016-02-23 04:00:00",1578,0.974,295.5,22.64,1.393,0.378,12.7,1002,7999,0
"2016-02-23 05:00:00",1579,3.218,341.5,8.89,2.628,1.368,12.69,1002,7999,0
"2016-02-23 06:00:00",1580,2.447,351.8,29.6,2.046,0.974,12.67,1002,7999,0
"2016-02-23 07:00:00",1581,3.174,53.56,14.8,2.636,1.269,12.78,1002,7999,0
"2016-02-23 08:00:00",1582,3.035,140.3,18.9,2.534,1.743,13.79,1002,7999,0
"2016-02-23 09:00:00",1583,5.387,90.6,7.261,4.387,2.591,14.17,1002,7999,0
"2016-02-23 10:00:00",1584,6.369,80.2,7.805,5.447,2.616,14.05,1002,7999,0
"2016-02-23 11:00:00",1585,6.143,83.1,7.464,5.219,2.752,13.62,1002,7999,0
"2016-02-23 12:00:00",1586,3.842,93,8.81,3.396,2.199,13.59,1002,7999,0
"2016-02-23 13:00:00",1587,3.796,102.8,9.58,3.507,2.486,13.53,1002,7999,0
"2016-02-23 14:00:00",1588,4.125,106.9,8.82,3.764,2.732,13.53,1002,7999,0
"2016-02-23 15:00:00",1589,4.303,125.4,13.65,4.001,3.033,13.55,1002,7999,0
"2016-02-23 16:00:00",1590,3.319,136.5,12.81,3.099,2.427,13.56,1002,7999,0
"2016-02-23 17:00:00",1591,2.595,142.9,9.69,2.303,1.796,13.61,1002,7999,0
"2016-02-23 18:00:00",1592,2.262,186.8,7.598,1.493,0.852,13.07,1002,7999,0
"2016-02-23 19:00:00",1593,2.19,206.6,20.42,1.397,0.34,12.87,1002,7999,0
"2016-02-23 20:00:00",1594,1.338,304,19.02,1.23,0.361,12.84,1002,7999,0
"2016-02-23 21:00:00",1595,2.417,290.3,12.95,1.998,1.019,12.81,1002,7999,0
"2016-02-23 22:00:00",1596,2.107,243.5,23.06,1.803,0.909,12.8,1002,7999,0
"2016-02-23 23:00:00",1597,2.133,287.2,19.58,1.715,0.774,12.79,1002,7999,0
"2016-02-24 00:00:00",1598,1.686,280.7,27.29,1.491,0.637,12.77,1002,7999,0
"2016-02-24 01:00:00",1599,3.751,323.8,5.748,2.795,1.425,12.76,1002,7999,0
"2016-02-24 02:00:00",1600,2.322,182.4,27.65,2.042,1.125,12.74,1002,7999,0
"2016-02-24 03:00:00",1601,1.76,252.7,23.81,1.615,0.811,12.72,1002,7999,0
"2016-02-24 04:00:00",1602,2.093,305,17.39,1.969,0.847,12.7,1002,7999,0
"2016-02-24 05:00:00",1603,4.645,333.1,4.647,3.583,2.174,12.68,1002,7999,0
"2016-02-24 06:00:00",1604,4.978,345.9,5.476,3.988,2.558,12.66,1002,7999,0
"2016-02-24 07:00:00",1605,4.858,342,4.308,3.929,2.602,12.79,1002,7999,0
"2016-02-24 08:00:00",1606,3.395,12.77,12.23,2.935,2.047,13.88,1002,7999,0
"2016-02-24 09:00:00",1607,2.064,24.11,32.27,1.836,1.352,14.17,1002,7999,0
"2016-02-24 10:00:00",1608,1.392,27.68,19.13,1.362,1.132,13.92,1002,7999,0
"2016-02-24 11:00:00",1609,1.594,20.63,9.06,1.605,1.395,13.55,1002,7999,0
"2016-02-24 12:00:00",1610,1.615,30.32,8.61,1.628,1.39,13.52,1002,7999,0
"2016-02-24 13:00:00",1611,1.532,40.88,13.69,1.484,1.187,13.5,1002,7999,0
"2016-02-24 14:00:00",1612,2.011,70.6,8.89,2.008,1.204,13.52,1002,7999,0
"2016-02-24 15:00:00",1613,1.898,51.53,9.73,1.881,1.252,13.55,1002,7999,0
"2016-02-24 16:00:00",1614,2.821,82.4,6.226,2.658,1.569,13.59,1002,7999,0
"2016-02-24 17:00:00",1615,3.353,104.2,6.371,2.953,2.003,13.62,1002,7999,0
"2016-02-24 18:00:00",1616,2.75,119.5,4.477,2.178,1.386,13.17,1002,7999,0
"2016-02-24 19:00:00",1617,2.111,139.7,4.39,1.385,0.448,12.86,1002,7999,0
"2016-02-24 20:00:00",1618,1.515,188.3,13.74,1.092,0.321,12.84,1002,7999,0
"2016-02-24 21:00:00",1619,1.595,275.4,10.55,1.168,0.304,12.8,1002,7999,0
"2016-02-24 22:00:00",1620,2.032,296.9,8.61,1.599,0.27,12.8,1002,7999,0
"2016-02-24 23:00:00",1621,1.872,265.4,16.88,1.455,0.387,12.78,1002,7999,0
"2016-02-25 00:00:00",1622,0.876,291.9,27.61,1.218,0.324,12.76,1002,7999,0
"2016-02-25 01:00:00",1623,1.085,223.8,45.87,1.309,0.514,12.74,1002,7999,0
"2016-02-25 02:00:00",1624,1.427,292.6,20.43,1.399,0.431,12.72,1002,7999,0
"2016-02-25 03:00:00",1625,1.784,290.7,15.15,1.391,0.468,12.69,1002,7999,0
"2016-02-25 04:00:00",1626,1.531,231.8,27.22,1.446,0.676,12.68,1002,7999,0
"2016-02-25 05:00:00",1627,2.432,307.6,15.58,1.802,0.834,12.67,1002,7999,0
"2016-02-25 06:00:00",1628,2.479,199.3,7.348,1.867,0.942,12.64,1002,7999,0
"2016-02-25 07:00:00",1629,1.925,195.7,7.41,1.483,0.615,12.79,1002,7999,0
"2016-02-25 08:00:00",1630,1.411,199.1,11.78,1.189,0.439,14.03,1002,7999,0
"2016-02-25 09:00:00",1631,1.447,68.27,13.63,1.386,0.931,14.18,1002,7999,0
"2016-02-25 10:00:00",1632,2.118,7.322,10.55,2.067,1.758,13.96,1002,7999,0
"2016-02-25 11:00:00",1633,1.619,65.84,10.58,1.588,1.049,13.59,1002,7999,0
"2016-02-25 12:00:00",1634,2.589,70.43,7.813,2.559,1.477,13.58,1002,7999,0
"2016-02-25 13:00:00",1635,3.225,92,5.049,3.112,2.126,13.58,1002,7999,0
"2016-02-25 14:00:00",1636,3.521,94.8,5.11,3.269,2.295,13.61,1002,7999,0
"2016-02-25 15:00:00",1637,3.611,97.7,5.255,3.197,2.255,13.61,1002,7999,0
"2016-02-25 16:00:00",1638,3.589,101.7,6.118,3.12,2.173,13.62,1002,7999,0
"2016-02-25 17:00:00",1639,2.931,102.7,5.385,2.475,1.697,13.65,1002,7999,0
"2016-02-25 18:00:00",1640,1.258,71.68,34.26,1.103,0.558,13.18,1002,7999,0
"2016-02-25 19:00:00",1641,0.774,180.4,8.18,1.063,0.253,12.87,1002,7999,0
"2016-02-25 20:00:00",1642,1.587,238.3,10.02,1.546,0.352,12.84,1002,7999,0
"2016-02-25 21:00:00",1643,1.347,275.8,23.34,1.441,0.44,12.82,1002,7999,0
"2016-02-25 22:00:00",1644,1.72,286.9,9.5,1.591,0.347,12.81,1002,7999,0
"2016-02-25 23:00:00",1645,1.514,287.7,8.13,1.415,0.181,12.79,1002,7999,0
"2016-02-26 00:00:00",1646,1.371,280.3,9.13,1.6,0.33,12.77,1002,7999,0
"2016-02-26 01:00:00",1647,1.511,298.7,15.57,1.164,0.354,12.76,1002,7999,0
"2016-02-26 02:00:00",1648,1.851,251.5,16.2,1.646,0.572,12.72,1002,7999,0
"2016-02-26 03:00:00",1649,2.199,176.6,9.25,1.7,0.876,12.71,1002,7999,0
"2016-02-26 04:00:00",1650,1.514,210.2,14.17,1.326,0.399,12.69,1002,7999,0
"2016-02-26 05:00:00",1651,0.952,245.5,9.68,1.09,0.206,12.67,1002,7999,0
"2016-02-26 06:00:00",1652,1.195,246.6,8.3,1.555,0.383,12.64,1002,7999,0
"2016-02-26 07:00:00",1653,0.946,256.1,22.28,1.438,0.487,12.8,1002,7999,0
"2016-02-26 08:00:00",1654,0.998,296.9,14.27,0.808,0.31,14.01,1002,7999,0
"2016-02-26 09:00:00",1655,1.08,1.433,13.65,1.041,0.824,14.17,1002,7999,0
"2016-02-26 10:00:00",1656,1.898,60.45,8.84,1.863,1.306,13.9,1002,7999,0
"2016-02-26 11:00:00",1657,2.262,83.2,6.872,2.271,1.464,13.61,1002,7999,0
"2016-02-26 12:00:00",1658,2.559,80,6.912,2.545,1.632,13.58,1002,7999,0
"2016-02-26 13:00:00",1659,2.895,94.4,6.047,2.796,1.933,13.58,1002,7999,0
"2016-02-26 14:00:00",1660,3.182,95.8,4.859,2.952,2.048,13.57,1002,7999,0
"2016-02-26 15:00:00",1661,3.584,100.6,4.347,3.041,2.183,13.57,1002,7999,0
"2016-02-26 16:00:00",1662,3.285,102,4.397,2.598,1.862,13.57,1002,7999,0
"2016-02-26 17:00:00",1663,1.752,76.89,28.69,1.419,0.853,13.54,1002,7999,0
"2016-02-26 18:00:00",1664,0.945,292.3,8.06,0.951,0.165,13.03,1002,7999,0
"2016-02-26 19:00:00",1665,1.031,193.3,11.12,1.043,0.35,12.86,1002,7999,0
"2016-02-26 20:00:00",1666,1.294,194.3,16.8,1.319,0.379,12.84,1002,7999,0
"2016-02-26 21:00:00",1667,1.394,302.3,19.77,1.08,0.184,12.81,1002,7999,0
"2016-02-26 22:00:00",1668,1.523,298.2,10.44,1.362,0.202,12.8,1002,7999,0
"2016-02-26 23:00:00",1669,1.72,315.6,11.85,1.155,0.268,12.79,1002,7999,0
"2016-02-27 00:00:00",1670,1.837,263.9,15.74,1.601,0.511,12.76,1002,7999,0
"2016-02-27 01:00:00",1671,1.221,287,36.84,1.281,0.379,12.76,1002,7999,0
"2016-02-27 02:00:00",1672,1.909,280.1,18.29,1.561,0.541,12.73,1002,7999,0
"2016-02-27 03:00:00",1673,2.031,277.4,10,1.611,0.546,12.72,1002,7999,0
"2016-02-27 04:00:00",1674,1.464,281.4,28.44,1.449,0.484,12.69,1002,7999,0
"2016-02-27 05:00:00",1675,1.763,177.1,25.8,1.646,0.769,12.69,1002,7999,0
"2016-02-27 06:00:00",1676,2.275,267,17.7,1.853,0.798,12.65,1002,7999,0
"2016-02-27 07:00:00",1677,1.517,197.5,18.14,1.75,0.741,12.77,1002,7999,0
"2016-02-27 08:00:00",1678,1.448,183.7,21.71,1.247,0.601,13.87,1002,7999,0
"2016-02-27 09:00:00",1679,1.226,60.01,15.04,1.193,0.806,14.13,1002,7999,0
"2016-02-27 10:00:00",1680,1.807,52.66,10.13,1.789,1.224,13.95,1002,7999,0
"2016-02-27 11:00:00",1681,1.871,64.92,10.82,1.846,1.193,13.58,1002,7999,0
"2016-02-27 12:00:00",1682,2.028,55.69,7.925,2.019,1.383,13.55,1002,7999,0
"2016-02-27 13:00:00",1683,2.539,81.3,7.235,2.532,1.49,13.55,1002,7999,0
"2016-02-27 14:00:00",1684,2.075,81.7,7.607,2.04,1.234,13.55,1002,7999,0
"2016-02-27 15:00:00",1685,2.813,93.4,5.556,2.679,1.826,13.55,1002,7999,0
"2016-02-27 16:00:00",1686,2.76,104.6,4.281,2.478,1.824,13.55,1002,7999,0
"2016-02-27 17:00:00",1687,2.489,108.5,6.998,2.053,1.499,13.56,1002,7999,0
"2016-02-27 18:00:00",1688,1.308,167.5,20.41,1.083,0.506,13.15,1002,7999,0
"2016-02-27 19:00:00",1689,0.816,263.8,18.02,1.011,0.304,12.88,1002,7999,0
"2016-02-27 20:00:00",1690,1.621,232.5,25.04,1.507,0.616,12.84,1002,7999,0
"2016-02-27 21:00:00",1691,1.569,251.6,25.27,1.357,0.539,12.82,1002,7999,0
"2016-02-27 22:00:00",1692,1.215,327.3,16.66,0.939,0.322,12.81,1002,7999,0
"2016-02-27 23:00:00",1693,2.33,312.8,6.053,1.685,0.585,12.8,1002,7999,0
"2016-02-28 00:00:00",1694,1.192,252.5,12.2,1.419,0.507,12.76,1002,7999,0
"2016-02-28 01:00:00",1695,1.488,176.2,14.87,1.549,0.571,12.76,1002,7999,0
"2016-02-28 02:00:00",1696,2.544,169.1,11.46,1.811,0.849,12.74,1002,7999,0
"2016-02-28 03:00:00",1697,1.48,191.7,19.73,1.384,0.384,12.73,1002,7999,0
"2016-02-28 04:00:00",1698,2.063,235,12.41,1.816,0.714,12.7,1002,7999,0
"2016-02-28 05:00:00",1699,1.406,295.8,23.71,1.273,0.381,12.68,1002,7999,0
"2016-02-28 06:00:00",1700,1.632,253,28.39,1.472,0.553,12.67,1002,7999,0
"2016-02-28 07:00:00",1701,1.565,55.26,32.29,1.372,0.721,12.8,1002,7999,0
"2016-02-28 08:00:00",1702,1.755,16.73,27.2,1.507,0.913,13.85,1002,7999,0
"2016-02-28 09:00:00",1703,1.714,89.2,14.44,1.589,1.102,14.1,1002,7999,0
"2016-02-28 10:00:00",1704,2.747,96.9,8.22,2.592,1.759,14.04,1002,7999,0
"2016-02-28 11:00:00",1705,2.937,87.4,6.975,2.833,1.752,13.73,1002,7999,0
"2016-02-28 12:00:00",1706,2.874,94.6,6.168,2.765,1.88,13.61,1002,7999,0
"2016-02-28 13:00:00",1707,2.696,93,7.686,2.652,1.708,13.58,1002,7999,0
"2016-02-28 14:00:00",1708,2.733,88.7,7.713,2.655,1.681,13.55,1002,7999,0
"2016-02-28 15:00:00",1709,3.069,87.6,5.809,2.883,1.762,13.51,1002,7999,0
"2016-02-28 16:00:00",1710,3.889,103.9,5.774,3.523,2.474,13.55,1002,7999,0
"2016-02-28 17:00:00",1711,2.84,136.8,11.25,2.632,2.019,13.55,1002,7999,0
"2016-02-28 18:00:00",1712,1.388,183.8,12.74,1.142,0.389,13.09,1002,7999,0
"2016-02-28 19:00:00",1713,2.477,215.9,6.036,1.901,0.949,12.88,1002,7999,0
"2016-02-28 20:00:00",1714,3.133,242.1,3.404,1.977,1.08,12.85,1002,7999,0
"2016-02-28 21:00:00",1715,2.581,275.7,19.13,1.677,0.824,12.83,1002,7999,0
"2016-02-28 22:00:00",1716,1.721,307.5,14.73,1.439,0.244,12.8,1002,7999,0
"2016-02-28 23:00:00",1717,1.098,263.8,15.45,1.361,0.273,12.8,1002,7999,0
"2016-02-29 00:00:00",1718,2.623,334.3,13.07,1.894,0.961,12.78,1002,7999,0
"2016-02-29 01:00:00",1719,2.03,290.1,18.23,1.646,0.795,12.77,1002,7999,0
"2016-02-29 02:00:00",1720,1.725,283.4,17.39,1.407,0.511,12.77,1002,7999,0
"2016-02-29 03:00:00",1721,2.133,314.4,7.448,1.242,0.416,12.73,1002,7999,0
"2016-02-29 04:00:00",1722,1.362,325.5,17.31,1.064,0.338,12.72,1002,7999,0
"2016-02-29 05:00:00",1723,2.186,190.5,5.342,1.652,0.615,12.69,1002,7999,0
"2016-02-29 06:00:00",1724,1.654,212.9,21.65,1.333,0.492,12.69,1002,7999,0
"2016-02-29 07:00:00",1725,2.685,350.8,35.04,2.244,1.283,12.77,1002,7999,0
"2016-02-29 08:00:00",1726,1.298,238.8,22.15,1.056,0.728,13.77,1002,7999,0
"2016-02-29 09:00:00",1727,1.831,0.595,13.84,1.764,1.378,14.09,1002,7999,0
"2016-02-29 10:00:00",1728,1.97,80.9,10.59,1.9,1.194,13.9,1002,7999,0
"2016-02-29 11:00:00",1729,3.415,93.9,4.812,3.222,2.225,13.55,1002,7999,0
"2016-02-29 12:00:00",1730,3.377,95.5,4.949,3.225,2.253,13.55,1002,7999,0
"2016-02-29 13:00:00",1731,3.029,90.1,6.39,2.949,1.901,13.55,1002,7999,0
"2016-02-29 14:00:00",1732,2.559,85.9,7.17,2.505,1.555,13.54,1002,7999,0
"2016-02-29 15:00:00",1733,2.498,80.1,6.451,2.448,1.387,13.54,1002,7999,0
"2016-02-29 16:00:00",1734,1.895,66.19,8.34,1.871,1.285,13.54,1002,7999,0
"2016-02-29 17:00:00",1735,1.436,42.89,6.717,1.346,1.021,13.55,1002,7999,0
"2016-02-29 18:00:00",1736,0.256,270.8,8.48,0.273,0.061,13.17,1002,7999,0
"2016-02-29 19:00:00",1737,1.536,187.4,8.74,1.328,0.369,12.88,1002,7999,0
"2016-02-29 20:00:00",1738,1.779,236.9,20.55,1.333,0.367,12.84,1002,7999,0
"2016-02-29 21:00:00",1739,0.949,261.5,9.79,0.805,0.223,12.82,1002,7999,0
"2016-02-29 22:00:00",1740,1.061,294.1,22.81,1.021,0.252,12.8,1002,7999,0
"2016-02-29 23:00:00",1741,1.276,330.1,22.81,0.756,0.288,12.79,1002,7999,0
"2016-03-01 00:00:00",1742,2.232,220.7,9.08,1.752,0.8,12.76,1002,7999,0
"2016-03-01 01:00:00",1743,1.228,197.6,18.97,0.97,0.286,12.77,1002,7999,0
"2016-03-01 02:00:00",1744,2.227,305.1,17.6,1.742,0.565,12.74,1002,7999,0
"2016-03-01 03:00:00",1745,1.39,204.4,27.94,1.424,0.567,12.72,1002,7999,0
"2016-03-01 04:00:00",1746,2.445,324.8,16.24,1.82,0.772,12.7,1002,7999,0
"2016-03-01 05:00:00",1747,1.218,208.8,21.63,1.524,0.642,12.69,1002,7999,0
"2016-03-01 06:00:00",1748,1.71,200.1,17.66,1.488,0.542,12.67,1002,7999,0
"2016-03-01 07:00:00",1749,1.912,211.5,14.65,1.563,0.641,12.8,1002,7999,0
"2016-03-01 08:00:00",1750,1.957,198.9,9.15,1.458,0.899,13.75,1002,7999,0
"2016-03-01 09:00:00",1751,1.35,60.43,16.87,1.307,1.016,14.09,1002,7999,0
"2016-03-01 10:00:00",1752,2.086,82.5,8.58,2.04,1.285,13.9,1002,7999,0
"2016-03-01 11:00:00",1753,2.729,84.7,6.628,2.672,1.575,13.52,1002,7999,0
"2016-03-01 12:00:00",1754,2.853,91.4,6.104,2.808,1.887,13.49,1002,7999,0
"2016-03-01 13:00:00",1755,2.873,93.3,6.033,2.819,1.965,13.49,1002,7999,0
"2016-03-01 14:00:00",1756,2.797,86.4,9.05,2.785,1.807,13.49,1002,7999,0
"2016-03-01 15:00:00",1757,2.602,67.82,8.92,2.478,1.312,13.52,1002,7999,0
"2016-03-01 16:00:00",1758,3.17,83.7,5.886,2.782,1.459,13.52,1002,7999,0
"2016-03-01 17:00:00",1759,2.988,104.5,5.924,2.413,1.61,13.54,1002,7999,0
"2016-03-01 18:00:00",1760,2.571,136,4.231,1.801,1.15,13.14,1002,7999,0
"2016-03-01 19:00:00",1761,1.448,99.2,33.83,0.916,0.431,12.88,1002,7999,0
"2016-03-01 20:00:00",1762,1.26,166.2,37.23,1.29,0.451,12.84,1002,7999,0
"2016-03-01 21:00:00",1763,1.923,306.2,22.16,1.545,0.415,12.83,1002,7999,0
"2016-03-01 22:00:00",1764,2.179,339,7.08,1.778,0.643,12.81,1002,7999,0
"2016-03-01 23:00:00",1765,4.133,340.7,7.779,3.281,2.108,12.8,1002,7999,0
"2016-03-02 00:00:00",1766,2.639,282.2,18.31,2.176,1.139,12.78,1002,7999,0
"2016-03-02 01:00:00",1767,1.558,226.2,30.49,1.486,0.649,12.77,1002,7999,0
"2016-03-02 02:00:00",1768,1.497,299.4,35.66,1.185,0.507,12.76,1002,7999,0
"2016-03-02 03:00:00",1769,1.597,309.6,38.22,1.297,0.445,12.73,1002,7999,0
"2016-03-02 04:00:00",1770,2.225,293,12.37,1.825,0.63,12.71,1002,7999,0
"2016-03-02 05:00:00",1771,1.612,232.6,8.04,1.699,0.565,12.69,1002,7999,0
"2016-03-02 06:00:00",1772,1.823,257.2,13.84,1.495,0.466,12.68,1002,7999,0
"2016-03-02 07:00:00",1773,1.323,220.7,20.92,1.29,0.411,12.79,1002,7999,0
"2016-03-02 08:00:00",1774,1.367,298.6,18.08,1.099,0.566,13.69,1002,7999,0
"2016-03-02 09:00:00",1775,1.395,52.03,18.66,1.306,0.884,14.12,1002,7999,0
"2016-03-02 10:00:00",1776,2.314,72.92,6.851,2.265,1.205,13.93,1002,7999,0
"2016-03-02 11:00:00",1777,1.89,58.5,10.91,1.82,1.238,13.51,1002,7999,0
"2016-03-02 12:00:00",1778,1.916,62.84,10.84,1.855,1.18,13.48,1002,7999,0
"2016-03-02 13:00:00",1779,2.649,76.54,6.751,2.613,1.471,13.49,1002,7999,0
"2016-03-02 14:00:00",1780,2.531,86.9,6.708,2.48,1.573,13.49,1002,7999,0
"2016-03-02 15:00:00",1781,2.257,90,7.638,2.189,1.522,13.48,1002,7999,0
"2016-03-02 16:00:00",1782,2.77,95.6,4.76,2.465,1.731,13.46,1002,7999,0
"2016-03-02 17:00:00",1783,2.251,105.3,7.046,1.877,1.377,13.47,1002,7999,0
"2016-03-02 18:00:00",1784,2.051,110.9,6.923,1.499,0.708,13.08,1002,7999,0
"2016-03-02 19:00:00",1785,1.456,186.5,18.22,1.06,0.367,12.88,1002,7999,0
"2016-03-02 20:00:00",1786,2.577,344.9,31.56,2.055,1.15,12.85,1002,7999,0
"2016-03-02 21:00:00",1787,4.816,355.7,6.622,3.774,2.543,12.83,1002,7999,0
"2016-03-02 22:00:00",1788,3.186,340.2,14.93,2.345,1.262,12.81,1002,7999,0
"2016-03-02 23:00:00",1789,2.329,305.6,17.84,1.876,0.915,12.81,1002,7999,0
"2016-03-03 00:00:00",1790,2.347,258.8,8.45,1.846,0.799,12.78,1002,7999,0
"2016-03-03 01:00:00",1791,1.799,274.5,22.58,1.042,0.421,12.76,1002,7999,0
"2016-03-03 02:00:00",1792,1.691,345.7,15.48,1.176,0.38,12.75,1002,7999,0
"2016-03-03 03:00:00",1793,2.145,259.5,15.27,1.822,0.745,12.72,1002,7999,0
"2016-03-03 04:00:00",1794,2.359,182.4,11.36,1.843,0.935,12.71,1002,7999,0
"2016-03-03 05:00:00",1795,2.519,273.3,25.46,1.972,0.882,12.69,1002,7999,0
"2016-03-03 06:00:00",1796,2.5,282,9.72,1.643,0.507,12.68,1002,7999,0
"2016-03-03 07:00:00",1797,1.188,237.4,26.98,1.397,0.51,12.75,1002,7999,0
"2016-03-03 08:00:00",1798,1.159,281.4,13.65,1.088,0.459,13.76,1002,7999,0
"2016-03-03 09:00:00",1799,1.109,347.1,16.55,1.08,0.831,14.05,1002,7999,0
"2016-03-03 10:00:00",1800,2.381,51.42,7.499,2.289,1.57,13.91,1002,7999,0
"2016-03-03 11:00:00",1801,2.399,75.3,8.13,2.319,1.388,13.5,1002,7999,0
"2016-03-03 12:00:00",1802,2.606,94.2,6.198,2.569,1.823,13.46,1002,7999,0
"2016-03-03 13:00:00",1803,3.011,95.3,4.514,2.862,2.05,13.43,1002,7999,0
"2016-03-03 14:00:00",1804,3.229,99.5,3.915,2.824,2.128,13.44,1002,7999,0
"2016-03-03 15:00:00",1805,2.94,101.6,4.365,2.679,1.932,13.48,1002,7999,0
"2016-03-03 16:00:00",1806,3.206,101.1,4.704,2.793,1.971,13.49,1002,7999,0
"2016-03-03 17:00:00",1807,2.859,92.1,5.376,2.272,1.544,13.54,1002,7999,0
"2016-03-03 18:00:00",1808,1.609,186.5,34.19,1.317,0.777,13.11,1002,7999,0
"2016-03-03 19:00:00",1809,1.75,226.5,18.12,1.469,0.501,12.88,1002,7999,0
"2016-03-03 20:00:00",1810,1.687,305,22.23,1.19,0.44,12.84,1002,7999,0
"2016-03-03 21:00:00",1811,3.985,344.7,8.96,3.203,1.879,12.83,1002,7999,0
"2016-03-03 22:00:00",1812,3.82,318.2,8.55,2.812,1.583,12.81,1002,7999,0
"2016-03-03 23:00:00",1813,3.373,309.4,5.857,2.324,1.125,12.8,1002,7999,0
"2016-03-04 00:00:00",1814,3.228,294.4,10.09,2.377,1.238,12.78,1002,7999,0
"2016-03-04 01:00:00",1815,3.352,300.9,12.79,2.477,1.337,12.76,1002,7999,0
"2016-03-04 02:00:00",1816,2.813,276.6,26.71,2.073,1.034,12.76,1002,7999,0
"2016-03-04 03:00:00",1817,2.412,219.5,20.84,1.792,0.964,12.73,1002,7999,0
"2016-03-04 04:00:00",1818,0.807,172.2,36.8,1.109,0.326,12.72,1002,7999,0
"2016-03-04 05:00:00",1819,1.783,297.1,26.84,1.335,0.504,12.69,1002,7999,0
"2016-03-04 06:00:00",1820,2.588,264.1,5.194,1.965,0.849,12.68,1002,7999,0
"2016-03-04 07:00:00",1821,2.412,265.1,7.295,1.57,0.503,12.87,1002,7999,0
"2016-03-04 08:00:00",1822,2.325,323.3,12.36,1.827,1.075,13.97,1002,7999,0
"2016-03-04 09:00:00",1823,2.947,19.65,6.456,2.713,2.04,14.09,1002,7999,0
"2016-03-04 10:00:00",1824,2.618,70.05,9.36,2.484,1.654,13.84,1002,7999,0
"2016-03-04 11:00:00",1825,2.799,93.7,5.679,2.677,1.848,13.5,1002,7999,0
"2016-03-04 12:00:00",1826,3.091,94,6.322,2.967,2.041,13.49,1002,7999,0
"2016-03-04 13:00:00",1827,3.109,94.1,6.762,2.975,2.01,13.49,1002,7999,0
"2016-03-04 14:00:00",1828,2.558,89.1,5.969,2.467,1.644,13.46,1002,7999,0
"2016-03-04 15:00:00",1829,2.922,93,5.58,2.75,1.958,13.48,1002,7999,0
"2016-03-04 16:00:00",1830,2.759,78.67,6.222,2.511,1.334,13.5,1002,7999,0
"2016-03-04 17:00:00",1831,1.47,79.52,21.29,1.28,0.794,13.51,1002,7999,0
"2016-03-04 18:00:00",1832,1.203,75.87,27.76,1.099,0.496,13.04,1002,7999,0
"2016-03-04 19:00:00",1833,2.188,52.1,31.27,1.889,1.048,12.88,1002,7999,0
"2016-03-04 20:00:00",1834,5.968,331.2,8.47,4.992,3.33,12.85,1002,7999,0
"2016-03-04 21:00:00",1835,7.162,329.5,5.919,6.053,4.09,12.84,1002,7999,0
"2016-03-04 22:00:00",1836,6.655,327.8,5.579,5.595,3.758,12.82,1002,7999,0
"2016-03-04 23:00:00",1837,5.222,313,13.24,4.406,2.876,12.8,1002,7999,0
"2016-03-05 00:00:00",1838,3.716,307.3,8.38,3.076,1.801,12.79,1002,7999,0
"2016-03-05 01:00:00",1839,4.688,310.8,9.01,3.914,2.516,12.77,1002,7999,0
"2016-03-05 02:00:00",1840,2.071,281.8,27.24,1.664,0.779,12.76,1002,7999,0
"2016-03-05 03:00:00",1841,1.622,255.3,16.3,1.147,0.437,12.74,1002,7999,0
"2016-03-05 04:00:00",1842,1.7,303.5,22.56,1.353,0.465,12.72,1002,7999,0
"2016-03-05 05:00:00",1843,3.55,317.1,12.2,2.881,1.755,12.69,1002,7999,0
"2016-03-05 06:00:00",1844,2.283,303.5,20.3,1.61,0.821,12.69,1002,7999,0
"2016-03-05 07:00:00",1845,2.529,299,10.91,1.741,0.809,12.71,1002,7999,0
"2016-03-05 08:00:00",1846,2.82,319.8,9.4,2.467,1.751,13.59,1002,7999,0
"2016-03-05 09:00:00",1847,3.66,336.2,8.26,3.317,2.402,13.91,1002,7999,0
"2016-03-05 10:00:00",1848,3.203,349.1,7.814,3.001,2.363,14.08,1002,7999,0
"2016-03-05 11:00:00",1849,2.742,7.458,7.036,2.533,2.084,14.02,1002,7999,0
"2016-03-05 12:00:00",1850,2.797,86.2,11.51,2.573,1.805,13.68,1002,7999,0
"2016-03-05 13:00:00",1851,3.211,104.9,7.207,2.96,2.17,13.6,1002,7999,0
"2016-03-05 14:00:00",1852,2.955,100.4,16.22,2.747,1.927,13.56,1002,7999,0
"2016-03-05 15:00:00",1853,3.087,91.8,9.54,2.869,1.839,13.53,1002,7999,0
"2016-03-05 16:00:00",1854,2.008,87.3,10.14,1.912,1.242,13.55,1002,7999,0
"2016-03-05 17:00:00",1855,1.867,116.4,15.23,1.711,1.269,13.58,1002,7999,0
"2016-03-05 18:00:00",1856,1.893,124.6,12.34,1.568,1.041,13.06,1002,7999,0
"2016-03-05 19:00:00",1857,2.254,81.9,29.25,1.843,1.052,12.87,1002,7999,0
"2016-03-05 20:00:00",1858,3,2.42,22.84,2.565,1.624,12.85,1002,7999,0
"2016-03-05 21:00:00",1859,2.275,289.1,26.47,1.861,1.004,12.84,1002,7999,0
"2016-03-05 22:00:00",1860,5.441,237.3,40.49,4.71,3.142,12.82,1002,7999,0
"2016-03-05 23:00:00",1861,3.609,231.1,32,3.226,2.181,12.81,1002,7999,0
"2016-03-06 00:00:00",1862,5.184,223.5,25.2,4.597,3.073,12.81,1002,7999,0
"2016-03-06 01:00:00",1863,6.786,243.2,19.68,5.957,4.009,12.79,1002,7999,0
"2016-03-06 02:00:00",1864,4.086,244.1,24.43,3.54,2.375,12.76,1002,7999,0
"2016-03-06 03:00:00",1865,1.915,356.9,60.55,1.721,1.054,12.76,1002,7999,0
"2016-03-06 04:00:00",1866,1.95,167.1,42.36,1.582,1.026,12.73,1002,7999,0
"2016-03-06 05:00:00",1867,5.77,226.6,13.29,4.968,3.346,12.72,1002,7999,0
"2016-03-06 06:00:00",1868,4.873,259.2,16.35,4.149,2.598,12.69,1002,7999,0
"2016-03-06 07:00:00",1869,6.663,227.3,8.07,5.781,3.915,12.85,1002,7999,0
"2016-03-06 08:00:00",1870,8.22,230,7.622,7.229,4.901,13.83,1002,7999,0
"2016-03-06 09:00:00",1871,8.73,207.6,10.1,7.797,5.318,14.1,1002,7999,0
"2016-03-06 10:00:00",1872,7.449,214.8,9.18,6.652,4.568,14.01,1002,7999,0
"2016-03-06 11:00:00",1873,8.32,236.5,21.81,7.486,5.115,13.69,1002,7999,0
"2016-03-06 12:00:00",1874,7.592,276.8,20.81,6.681,4.677,13.49,1002,7999,0
"2016-03-06 13:00:00",1875,5.625,261,28.78,5.071,3.472,13.57,1002,7999,0
"2016-03-06 14:00:00",1876,9.48,283.2,10.29,8.52,5.684,13.58,1002,7999,0
"2016-03-06 15:00:00",1877,7.681,271.1,19.53,6.892,4.493,13.56,1002,7999,0
"2016-03-06 16:00:00",1878,6.296,307.2,25.49,5.66,3.914,13.57,1002,7999,0
"2016-03-06 17:00:00",1879,5.993,294,17.48,5.353,3.679,13.61,1002,7999,0
"2016-03-06 18:00:00",1880,4.759,308.4,9.33,4.131,2.747,13.24,1002,7999,0
"2016-03-06 19:00:00",1881,6.055,338.6,10.15,5.213,3.485,12.87,1002,7999,0
"2016-03-06 20:00:00",1882,5.973,329.5,5.873,5.034,3.367,12.84,1002,7999,0
"2016-03-06 21:00:00",1883,6.485,322.3,6.856,5.632,3.768,12.82,1002,7999,0
"2016-03-06 22:00:00",1884,5.594,324.4,6.98,4.761,3.168,12.8,1002,7999,0
"2016-03-06 23:00:00",1885,5.661,318.7,9.88,4.838,3.234,12.8,1002,7999,0
"2016-03-07 00:00:00",1886,3.149,313.6,13.67,2.55,1.554,12.78,1002,7999,0
"2016-03-07 01:00:00",1887,1.935,253.4,12.05,1.571,0.658,12.76,1002,7999,0
"2016-03-07 02:00:00",1888,1.436,271.3,29.32,1.217,0.461,12.74,1002,7999,0
"2016-03-07 03:00:00",1889,3.444,300.2,9.84,2.659,1.553,12.73,1002,7999,0
"2016-03-07 04:00:00",1890,1.386,301.2,22.18,0.999,0.313,12.7,1002,7999,0
"2016-03-07 05:00:00",1891,2.526,265.6,20.92,2.062,1.083,12.69,1002,7999,0
"2016-03-07 06:00:00",1892,6.246,232.6,9.1,5.26,3.521,12.67,1002,7999,0
"2016-03-07 07:00:00",1893,2.929,248.5,25.49,2.474,1.584,12.68,1002,7999,0
"2016-03-07 08:00:00",1894,3.078,55.9,45.37,2.75,1.79,12.74,1002,7999,0
"2016-03-07 09:00:00",1895,5.066,217.9,27.92,4.417,2.818,12.9,1002,7999,0
"2016-03-07 10:00:00",1896,5.365,222.6,10.1,4.721,3.256,13.31,1002,7999,0
"2016-03-07 11:00:00",1897,6.457,241.3,9.93,5.696,3.795,13.41,1002,7999,0
"2016-03-07 12:00:00",1898,4.615,227.8,11.41,4.119,2.848,13.56,1002,7999,0
"2016-03-07 13:00:00",1899,3.357,340.7,25.63,3.093,2.349,14.25,1002,7999,0
"2016-03-07 14:00:00",1900,3.259,41.02,19.41,3.031,2.107,14.21,1002,7999,0
"2016-03-07 15:00:00",1901,4.219,50.23,16.12,3.878,2.459,13.98,1002,7999,0
"2016-03-07 16:00:00",1902,3,75.64,11.83,2.841,1.576,13.83,1002,7999,0
"2016-03-07 17:00:00",1903,5.203,286.2,35.52,4.678,3.143,13.82,1002,7999,0
"2016-03-07 18:00:00",1904,5.445,293.9,13.62,4.806,3.208,13.35,1002,7999,0
"2016-03-07 19:00:00",1905,3.487,314.5,16.54,2.893,1.792,12.89,1002,7999,0
"2016-03-07 20:00:00",1906,4.933,318,7.117,4.141,2.706,12.85,1002,7999,0
"2016-03-07 21:00:00",1907,4.691,315.8,6.928,4.043,2.704,12.83,1002,7999,0
"2016-03-07 22:00:00",1908,5.11,320.9,4.996,4.381,2.917,12.81,1002,7999,0
"2016-03-07 23:00:00",1909,4.027,324.1,5.863,3.288,2.086,12.8,1002,7999,0
"2016-03-08 00:00:00",1910,5.368,330.6,6.075,4.526,3.019,12.77,1002,7999,0
"2016-03-08 01:00:00",1911,6.337,334.6,5.38,5.408,3.669,12.76,1002,7999,0
"2016-03-08 02:00:00",1912,5.982,331,5.228,5.07,3.406,12.74,1002,7999,0
"2016-03-08 03:00:00",1913,4.771,334.4,7.659,4.057,2.704,12.72,1002,7999,0
"2016-03-08 04:00:00",1914,3.673,316.4,7.695,2.991,1.942,12.69,1002,7999,0
"2016-03-08 05:00:00",1915,5.256,337.8,6.459,4.465,2.985,12.67,1002,7999,0
"2016-03-08 06:00:00",1916,6.209,342.1,5.646,5.309,3.598,12.65,1002,7999,0
"2016-03-08 07:00:00",1917,7.027,341.2,4.885,5.99,4.074,12.94,1002,7999,0
"2016-03-08 08:00:00",1918,5.116,349.3,6.871,4.512,3.203,14.08,1002,7999,0
"2016-03-08 09:00:00",1919,4.683,346.7,6.207,4.101,2.993,14.24,1002,7999,0
"2016-03-08 10:00:00",1920,8.27,348.7,5.3,7.11,5.017,13.98,1002,7999,0
"2016-03-08 11:00:00",1921,6.91,339.2,5.907,6.009,4.323,13.68,1002,7999,0
"2016-03-08 12:00:00",1922,6.905,334.2,7.956,6.092,4.376,13.6,1002,7999,0
"2016-03-08 13:00:00",1923,6.516,341.7,6.883,5.636,4.123,13.57,1002,7999,0
"2016-03-08 14:00:00",1924,6.362,331.3,9.93,5.633,4.066,13.57,1002,7999,0
"2016-03-08 15:00:00",1925,6.508,333.2,9.48,5.685,4.079,13.57,1002,7999,0
"2016-03-08 16:00:00",1926,5.607,332.5,6.585,4.826,3.472,13.57,1002,7999,0
"2016-03-08 17:00:00",1927,3.974,332.6,7.467,3.236,2.358,13.6,1002,7999,0
"2016-03-08 18:00:00",1928,2.961,350.6,5.973,1.967,1.132,13.26,1002,7999,0
"2016-03-08 19:00:00",1929,1.974,315.7,11.57,1.282,0.353,12.89,1002,7999,0
"2016-03-08 20:00:00",1930,4.925,321.1,6.807,4.045,2.538,12.86,1002,7999,0
"2016-03-08 21:00:00",1931,6.045,316.2,5.848,5.158,3.404,12.84,1002,7999,0
"2016-03-08 22:00:00",1932,7.499,323,5.032,6.504,4.329,12.83,1002,7999,0
"2016-03-08 23:00:00",1933,7.163,318.1,5.533,6.243,4.15,12.81,1002,7999,0
"2016-03-09 00:00:00",1934,6.211,319.5,5.609,5.353,3.577,12.8,1002,7999,0
"2016-03-09 01:00:00",1935,5.67,321.3,4.597,4.779,3.15,12.78,1002,7999,0
"2016-03-09 02:00:00",1936,2.582,291.9,20.94,2.017,1.089,12.76,1002,7999,0
"2016-03-09 03:00:00",1937,1.603,256.8,24.3,1.403,0.56,12.74,1002,7999,0
"2016-03-09 04:00:00",1938,3.696,328.4,8.97,3.043,1.855,12.72,1002,7999,0
"2016-03-09 05:00:00",1939,2.614,289.3,22.34,1.93,0.89,12.69,1002,7999,0
"2016-03-09 06:00:00",1940,5.447,332.5,6.812,4.518,3.001,12.68,1002,7999,0
"2016-03-09 07:00:00",1941,5.378,333.8,6.681,4.482,3.012,12.98,1002,7999,0
"2016-03-09 08:00:00",1942,5.829,345.7,4.387,4.965,3.489,14.03,1002,7999,0
"2016-03-09 09:00:00",1943,3.737,334.4,4.987,3.317,2.513,14.16,1002,7999,0
"2016-03-09 10:00:00",1944,2.438,36.42,40.21,2.261,1.64,13.81,1002,7999,0
"2016-03-09 11:00:00",1945,2.443,59.09,7.343,2.348,1.455,13.55,1002,7999,0
"2016-03-09 12:00:00",1946,3.398,85.7,5.355,3.177,1.97,13.55,1002,7999,0
"2016-03-09 13:00:00",1947,3.926,80.5,5.001,3.504,1.922,13.54,1002,7999,0
"2016-03-09 14:00:00",1948,3.328,95.2,5.942,2.87,2.007,13.54,1002,7999,0
"2016-03-09 15:00:00",1949,2.817,91.6,5.57,2.505,1.646,13.52,1002,7999,0
"2016-03-09 16:00:00",1950,2.625,86.3,8.93,2.341,1.527,13.52,1002,7999,0
"2016-03-09 17:00:00",1951,2.629,98.9,7.459,2.071,1.395,13.54,1002,7999,0
"2016-03-09 18:00:00",1952,2.927,109.7,8.25,2.191,1.462,13.14,1002,7999,0
"2016-03-09 19:00:00",1953,2.145,139.6,11.62,1.5,0.848,12.89,1002,7999,0
"2016-03-09 20:00:00",1954,1.647,323.9,22.38,1.454,0.767,12.85,1002,7999,0
"2016-03-09 21:00:00",1955,2.486,297.9,5.818,1.858,0.725,12.84,1002,7999,0
"2016-03-09 22:00:00",1956,1.681,282.9,12.88,1.134,0.237,12.81,1002,7999,0
"2016-03-09 23:00:00",1957,2.84,324.5,17.23,2.13,1.198,12.8,1002,7999,0
"2016-03-10 00:00:00",1958,5.642,342.6,4.389,4.325,2.839,12.78,1002,7999,0
"2016-03-10 01:00:00",1959,5.697,334.6,4.009,4.474,3.009,12.77,1002,7999,0
"2016-03-10 02:00:00",1960,3.983,321.8,7.231,3.111,2.042,12.77,1002,7999,0
"2016-03-10 03:00:00",1961,3.375,308,21.03,2.512,1.392,12.74,1002,7999,0
"2016-03-10 04:00:00",1962,5.563,338.8,4.93,4.407,2.975,12.73,1002,7999,0
"2016-03-10 05:00:00",1963,3.894,335.7,7.359,2.788,1.725,12.7,1002,7999,0
"2016-03-10 06:00:00",1964,2.749,344.6,24.99,2.177,1.399,12.68,1002,7999,0
"2016-03-10 07:00:00",1965,2.491,130.7,15.26,2.002,1.255,12.96,1002,7999,0
"2016-03-10 08:00:00",1966,3.218,358.4,7.669,2.438,1.786,13.98,1002,7999,0
"2016-03-10 09:00:00",1967,1.649,46.43,12.29,1.489,1.002,14.02,1002,7999,0
"2016-03-10 10:00:00",1968,1.625,19.7,11.2,1.572,1.355,13.71,1002,7999,0
"2016-03-10 11:00:00",1969,1.927,60.53,7.344,1.946,1.356,13.42,1002,7999,0
"2016-03-10 12:00:00",1970,2.601,88,5.16,2.535,1.735,13.43,1002,7999,0
"2016-03-10 13:00:00",1971,3.055,85,4.86,2.869,1.783,13.42,1002,7999,0
"2016-03-10 14:00:00",1972,4.657,103.7,5.304,3.813,2.706,13.42,1002,7999,0
"2016-03-10 15:00:00",1973,4.617,102.7,4.998,3.523,2.537,13.44,1002,7999,0
"2016-03-10 16:00:00",1974,3.751,104.6,5.877,3.012,2.183,13.48,1002,7999,0
"2016-03-10 17:00:00",1975,2.906,120.3,4.527,2.421,1.738,13.53,1002,7999,0
"2016-03-10 18:00:00",1976,2.13,128.8,10.14,1.521,0.911,13.24,1002,7999,0
"2016-03-10 19:00:00",1977,1.648,141.2,10.65,1.032,0.349,12.88,1002,7999,0
"2016-03-10 20:00:00",1978,2.333,150.1,10.36,1.678,0.826,12.85,1002,7999,0
"2016-03-10 21:00:00",1979,2.692,161.9,12.7,1.859,0.996,12.84,1002,7999,0
"2016-03-10 22:00:00",1980,5.128,344.9,42.47,4.017,2.647,12.81,1002,7999,0
"2016-03-10 23:00:00",1981,3.576,7.122,10.2,2.641,1.587,12.8,1002,7999,0
"2016-03-11 00:00:00",1982,3.857,353.2,11.95,2.77,1.691,12.79,1002,7999,0
"2016-03-11 01:00:00",1983,2.789,325.6,46.47,2.082,1.135,12.77,1002,7999,0
"2016-03-11 02:00:00",1984,3.126,338.1,12.19,2.288,1.253,12.76,1002,7999,0
"2016-03-11 03:00:00",1985,1.586,302.1,46.87,1.178,0.534,12.74,1002,7999,0
"2016-03-11 04:00:00",1986,1.189,246.6,24.74,1.232,0.639,12.73,1002,7999,0
"2016-03-11 05:00:00",1987,2.737,235.9,6.415,2.136,1.071,12.7,1002,7999,0
"2016-03-11 06:00:00",1988,2.561,267.4,13.22,1.769,0.79,12.69,1002,7999,0
"2016-03-11 07:00:00",1989,1.091,34.22,34.14,0.884,0.314,12.75,1002,7999,0
"2016-03-11 08:00:00",1990,0.983,147.4,21.71,0.949,0.328,13.4,1002,7999,0
"2016-03-11 09:00:00",1991,2.56,133.7,20.92,2.192,1.578,14.14,1002,7999,0
"2016-03-11 10:00:00",1992,4.045,104.8,9.74,3.611,2.51,14.12,1002,7999,0
"2016-03-11 11:00:00",1993,2.73,77.28,25.35,2.511,1.774,14.01,1002,7999,0
"2016-03-11 12:00:00",1994,4.323,118.9,14.91,4.031,2.959,13.59,1002,7999,0
"2016-03-11 13:00:00",1995,10.08,237.3,11.41,8.95,5.918,13.48,1002,7999,0
"2016-03-11 14:00:00",1996,10.72,248.5,9.52,9.49,5.9,13.45,1002,7999,0
"2016-03-11 15:00:00",1997,12.81,249.7,7.841,11.33,6.881,13.49,1002,7999,0
"2016-03-11 16:00:00",1998,10.65,240,8.33,9.4,6.225,13.53,1002,7999,0
"2016-03-11 17:00:00",1999,11.36,245.8,8.35,9.99,6.368,13.58,1002,7999,0
"2016-03-11 18:00:00",2000,7.307,235.6,9.57,6.436,4.322,13.08,1002,7999,0
"2016-03-11 19:00:00",2001,10.88,258.1,9.88,9.61,6.285,12.88,1002,7999,0
"2016-03-11 20:00:00",2002,6.346,317.3,16.79,5.627,3.82,12.85,1002,7999,0
"2016-03-11 21:00:00",2003,9.25,280.5,10.64,8.11,5.2,12.83,1002,7999,0
"2016-03-11 22:00:00",2004,10,272.9,9.05,8.83,5.79,12.81,1002,7999,0
"2016-03-11 23:00:00",2005,5.211,284.8,9.6,4.479,2.977,12.8,1002,7999,0
"2016-03-12 00:00:00",2006,4.7,275.2,12.52,3.935,2.463,12.78,1002,7999,0
"2016-03-12 01:00:00",2007,8.32,274.3,13.99,7.314,4.666,12.76,1002,7999,0
"2016-03-12 02:00:00",2008,8.87,283.6,11.07,7.813,5.206,12.75,1002,7999,0
"2016-03-12 03:00:00",2009,4.716,349.7,39.14,4.134,2.821,12.73,1002,7999,0
"2016-03-12 04:00:00",2010,3.65,4.181,22.83,3.031,1.908,12.71,1002,7999,0
"2016-03-12 05:00:00",2011,5.924,352.4,7.353,5.079,3.488,12.69,1002,7999,0
"2016-03-12 06:00:00",2012,3.741,317.5,6.148,2.925,1.842,12.68,1002,7999,0
"2016-03-12 07:00:00",2013,1.957,254.2,16.53,1.548,0.78,13,1002,7999,0
"2016-03-12 08:00:00",2014,1.789,165,16.38,1.606,1.234,14.06,1002,7999,0
"2016-03-12 09:00:00",2015,3.161,105.7,9.68,2.867,2.119,14.16,1002,7999,0
"2016-03-12 10:00:00",2016,2.87,95.6,8.96,2.665,1.891,13.91,1002,7999,0
"2016-03-12 11:00:00",2017,2.495,71.89,9.49,2.446,1.459,13.63,1002,7999,0
"2016-03-12 12:00:00",2018,2.157,74.81,10.97,2.103,1.33,13.6,1002,7999,0
"2016-03-12 13:00:00",2019,2.663,86.6,9.24,2.515,1.693,13.6,1002,7999,0
"2016-03-12 14:00:00",2020,3.108,74.55,7.418,3.005,1.576,13.61,1002,7999,0
"2016-03-12 15:00:00",2021,3.053,51.74,5.637,2.935,1.856,13.63,1002,7999,0
"2016-03-12 16:00:00",2022,1.657,57.48,11.47,1.627,1.131,13.64,1002,7999,0
"2016-03-12 17:00:00",2023,2.216,97.9,6.814,2.049,1.529,13.64,1002,7999,0
"2016-03-12 18:00:00",2024,1.781,121.4,23.74,1.583,1.153,13.27,1002,7999,0
"2016-03-12 19:00:00",2025,3.044,339.6,11.14,2.569,1.633,12.87,1002,7999,0
"2016-03-12 20:00:00",2026,4.595,325.4,5.325,3.819,2.507,12.84,1002,7999,0
"2016-03-12 21:00:00",2027,4.318,324.1,4.391,3.47,2.229,12.84,1002,7999,0
"2016-03-12 22:00:00",2028,5.116,321.6,4.546,4.269,2.814,12.81,1002,7999,0
"2016-03-12 23:00:00",2029,4.959,328.7,6.829,4.197,2.79,12.81,1002,7999,0
"2016-03-13 00:00:00",2030,5.564,324.7,5.132,4.724,3.149,12.8,1002,7999,0
"2016-03-13 01:00:00",2031,6.195,327.2,5.915,5.311,3.57,12.77,1002,7999,0
"2016-03-13 02:00:00",2032,3.679,314.5,10.27,3.049,1.986,12.75,1002,7999,0
"2016-03-13 03:00:00",2033,3.39,318.4,14.36,2.753,1.706,12.72,1002,7999,0
"2016-03-13 04:00:00",2034,1.641,253.1,24.75,1.409,0.642,12.7,1002,7999,0
"2016-03-13 05:00:00",2035,1.761,263.1,12.22,1.43,0.43,12.68,1002,7999,0
"2016-03-13 06:00:00",2036,3.706,315.2,6.787,2.931,1.796,12.66,1002,7999,0
"2016-03-13 07:00:00",2037,2.238,231,15.58,1.682,0.981,13,1002,7999,0
"2016-03-13 08:00:00",2038,1.537,349,23.4,1.38,1.08,14.06,1002,7999,0
"2016-03-13 09:00:00",2039,1.795,351.2,14.36,1.724,1.449,14.11,1002,7999,0
"2016-03-13 10:00:00",2040,2.609,353.5,7.165,2.527,2.086,13.84,1002,7999,0
"2016-03-13 11:00:00",2041,3.189,19.5,7.015,3.051,2.414,13.58,1002,7999,0
"2016-03-13 12:00:00",2042,2.965,49.37,6.142,2.899,1.966,13.58,1002,7999,0
"2016-03-13 13:00:00",2043,3.789,86.2,12.27,3.499,2.475,13.58,1002,7999,0
"2016-03-13 14:00:00",2044,3.311,96.5,17.33,3.132,2.151,13.59,1002,7999,0
"2016-03-13 15:00:00",2045,3.566,96.1,8.42,3.321,2.304,13.59,1002,7999,0
"2016-03-13 16:00:00",2046,2.889,87.8,8.82,2.706,1.796,13.6,1002,7999,0
"2016-03-13 17:00:00",2047,1.526,37.69,14.39,1.42,1.051,13.63,1002,7999,0
"2016-03-13 18:00:00",2048,1.924,288.5,16.44,1.703,1.115,13.3,1002,7999,0
"2016-03-13 19:00:00",2049,5.473,338.5,8.24,4.63,3.128,12.87,1002,7999,0
"2016-03-13 20:00:00",2050,6.817,320.7,6.098,5.949,3.988,12.84,1002,7999,0
"2016-03-13 21:00:00",2051,6.812,323,6.16,5.949,3.982,12.84,1002,7999,0
"2016-03-13 22:00:00",2052,6.193,324.7,5.509,5.39,3.638,12.81,1002,7999,0
"2016-03-13 23:00:00",2053,4.718,324.2,5.756,3.995,2.666,12.8,1002,7999,0
"2016-03-14 00:00:00",2054,4.037,326.3,5.262,3.258,2.125,12.79,1002,7999,0
"2016-03-14 01:00:00",2055,5.257,323,6.503,4.465,2.979,12.77,1002,7999,0
"2016-03-14 02:00:00",2056,3.293,333.3,9.45,2.711,1.754,12.76,1002,7999,0
"2016-03-14 03:00:00",2057,2.175,250.4,23.39,1.767,1.038,12.74,1002,7999,0
"2016-03-14 04:00:00",2058,2.427,281.2,14.65,1.792,0.918,12.72,1002,7999,0
"2016-03-14 05:00:00",2059,2.326,284,15.52,1.798,0.892,12.68,1002,7999,0
"2016-03-14 06:00:00",2060,2.159,250,19.15,1.617,0.857,12.68,1002,7999,0
"2016-03-14 07:00:00",2061,2.131,228.5,8.29,1.525,0.872,13.07,1002,7999,0
"2016-03-14 08:00:00",2062,1.138,315.7,27.2,1.098,0.814,13.99,1002,7999,0
"2016-03-14 09:00:00",2063,1.51,43.84,13.96,1.481,1.107,14.03,1002,7999,0
"2016-03-14 10:00:00",2064,1.709,46.37,13.16,1.703,1.322,13.74,1002,7999,0
"2016-03-14 11:00:00",2065,2.69,68.99,8.82,2.625,1.453,13.49,1002,7999,0
"2016-03-14 12:00:00",2066,2.033,47.21,11.42,2.003,1.514,13.48,1002,7999,0
"2016-03-14 13:00:00",2067,3.003,91,7.892,2.861,1.927,13.47,1002,7999,0
"2016-03-14 14:00:00",2068,2.862,84,7.12,2.762,1.689,13.48,1002,7999,0
"2016-03-14 15:00:00",2069,1.969,71.3,11.84,1.934,1.222,13.5,1002,7999,0
"2016-03-14 16:00:00",2070,1.948,70.88,10.41,1.903,1.194,13.51,1002,7999,0
"2016-03-14 17:00:00",2071,2.672,6.605,6.104,2.367,1.947,13.53,1002,7999,0
"2016-03-14 18:00:00",2072,4.09,348.2,6.145,3.466,2.452,13.23,1002,7999,0
"2016-03-14 19:00:00",2073,6.358,334.7,5.606,5.484,3.748,12.88,1002,7999,0
"2016-03-14 20:00:00",2074,7.418,333.8,5.179,6.367,4.354,12.85,1002,7999,0
"2016-03-14 21:00:00",2075,6.611,328.1,5.099,5.698,3.859,12.83,1002,7999,0
"2016-03-14 22:00:00",2076,7.514,325.3,4.946,6.526,4.399,12.81,1002,7999,0
"2016-03-14 23:00:00",2077,7.595,338.1,4.525,6.503,4.447,12.81,1002,7999,0
"2016-03-15 00:00:00",2078,6.189,330.6,6.58,5.283,3.59,12.79,1002,7999,0
"2016-03-15 01:00:00",2079,5.454,325.1,4.565,4.633,3.099,12.77,1002,7999,0
"2016-03-15 02:00:00",2080,6.62,330.5,5.074,5.646,3.804,12.77,1002,7999,0
"2016-03-15 03:00:00",2081,6.508,340.2,4.91,5.53,3.769,12.73,1002,7999,0
"2016-03-15 04:00:00",2082,4.277,323.4,15.49,3.575,2.416,12.73,1002,7999,0
"2016-03-15 05:00:00",2083,4.037,321.8,8.57,3.269,2.093,12.69,1002,7999,0
"2016-03-15 06:00:00",2084,5.577,333.1,4.818,4.717,3.211,12.69,1002,7999,0
"2016-03-15 07:00:00",2085,3.431,297.6,9.37,2.857,1.919,13.01,1002,7999,0
"2016-03-15 08:00:00",2086,3.711,349.8,26.13,3.278,2.338,13.98,1002,7999,0
"2016-03-15 09:00:00",2087,5.169,353.3,6.596,4.514,3.354,14.13,1002,7999,0
"2016-03-15 10:00:00",2088,3.85,44.41,7.671,3.337,2.169,13.84,1002,7999,0
"2016-03-15 11:00:00",2089,2.529,70.49,7.001,2.409,1.448,13.54,1002,7999,0
"2016-03-15 12:00:00",2090,2.719,76.57,6.806,2.622,1.586,13.47,1002,7999,0
"2016-03-15 13:00:00",2091,3.377,94.1,5.573,3.178,2.244,13.47,1002,7999,0
"2016-03-15 14:00:00",2092,3.53,88.3,5.593,3.394,2.099,13.48,1002,7999,0
"2016-03-15 15:00:00",2093,3.258,104.7,9.53,2.969,2.164,13.48,1002,7999,0
"2016-03-15 16:00:00",2094,3.628,99.7,6.074,2.911,2.054,13.48,1002,7999,0
"2016-03-15 17:00:00",2095,3.185,118,10.11,2.569,1.821,13.51,1002,7999,0
"2016-03-15 18:00:00",2096,2.868,191.1,8.65,2.312,1.533,13.23,1002,7999,0
"2016-03-15 19:00:00",2097,3.188,221.2,4.523,2.137,1.194,12.88,1002,7999,0
"2016-03-15 20:00:00",2098,2.807,177,26.13,2.062,1.079,12.85,1002,7999,0
"2016-03-15 21:00:00",2099,2.305,149,10.25,1.609,0.715,12.84,1002,7999,0
"2016-03-15 22:00:00",2100,1.993,269.6,26.36,1.573,0.564,12.82,1002,7999,0
"2016-03-15 23:00:00",2101,1.939,273,6.993,1.534,0.512,12.8,1002,7999,0
"2016-03-16 00:00:00",2102,1.954,297.6,17.22,1.221,0.467,12.77,1002,7999,0
"2016-03-16 01:00:00",2103,3.756,320.1,6.267,2.775,1.64,12.77,1002,7999,0
"2016-03-16 02:00:00",2104,4.65,327.9,7.998,3.597,2.337,12.75,1002,7999,0
"2016-03-16 03:00:00",2105,4.558,345.8,10.68,3.425,2.232,12.73,1002,7999,0
"2016-03-16 04:00:00",2106,4.129,320,8.51,3.215,2.06,12.72,1002,7999,0
"2016-03-16 05:00:00",2107,5.918,337.6,4.747,4.727,3.202,12.69,1002,7999,0
"2016-03-16 06:00:00",2108,6.753,342.6,4.32,5.5,3.728,12.69,1002,7999,0
"2016-03-16 07:00:00",2109,6.895,343.2,4.52,5.678,3.879,13.05,1002,7999,0
"2016-03-16 08:00:00",2110,4.811,333.4,5.824,4.136,2.946,13.99,1002,7999,0
"2016-03-16 09:00:00",2111,5.336,345.4,9.05,4.414,3.227,14.08,1002,7999,0
"2016-03-16 10:00:00",2112,4.635,336.3,5.149,3.799,2.879,13.75,1002,7999,0
"2016-03-16 11:00:00",2113,2.889,34.3,14.18,2.369,1.732,13.45,1002,7999,0
"2016-03-16 12:00:00",2114,1.84,16.73,9.87,1.751,1.523,13.37,1002,7999,0
"2016-03-16 13:00:00",2115,1.512,19.35,10.93,1.532,1.366,13.31,1002,7999,0
"2016-03-16 14:00:00",2116,1.629,19.57,10.08,1.651,1.448,13.3,1002,7999,0
"2016-03-16 15:00:00",2117,1.694,41.75,8.99,1.721,1.391,13.31,1002,7999,0
"2016-03-16 16:00:00",2118,2.007,81.7,5.784,1.999,1.217,13.36,1002,7999,0
"2016-03-16 17:00:00",2119,2.463,97.2,7.106,2.12,1.444,13.39,1002,7999,0
"2016-03-16 18:00:00",2120,2.11,150.4,11.93,1.644,1.017,13.18,1002,7999,0
"2016-03-16 19:00:00",2121,2.711,210.4,4.301,1.733,0.738,12.89,1002,7999,0
"2016-03-16 20:00:00",2122,2.825,230.5,2.075,1.863,0.807,12.85,1002,7999,0
"2016-03-16 21:00:00",2123,2.071,180.9,24.25,1.694,0.805,12.84,1002,7999,0
"2016-03-16 22:00:00",2124,2.022,280.9,7.934,1.596,0.426,12.81,1002,7999,0
"2016-03-16 23:00:00",2125,1.579,294.7,10.63,1.597,0.298,12.8,1002,7999,0
"2016-03-17 00:00:00",2126,1.393,328.8,19.24,0.732,0.11,12.76,1002,7999,0
"2016-03-17 01:00:00",2127,3.56,328.1,6.645,2.605,1.396,12.76,1002,7999,0
"2016-03-17 02:00:00",2128,4.213,324.6,6.152,3.276,2.141,12.74,1002,7999,0
"2016-03-17 03:00:00",2129,3.069,307.6,13.43,2.2,1.189,12.73,1002,7999,0
"2016-03-17 04:00:00",2130,1.949,304.1,12.89,1.56,0.649,12.7,1002,7999,0
"2016-03-17 05:00:00",2131,0.831,295.3,33.81,0.653,0.381,12.69,1002,7999,0
"2016-03-17 06:00:00",2132,1.572,217,34.62,1.439,0.44,12.67,1002,7999,0
