"TOA5","1003_CR6","CR6","2611","CR6.Std.03","CPU:1003_METandSF_WR Update_20151217.CR6","56809","Hour"
"TIMESTAMP","RECORD","WS6m_ms_S_WVT","WD_6m_D1_WVT","WD_6m_SD1_WVT","WS_2m_Avg","WS_0m_Avg","BattV_Avg","site","snstsnmbr","sensitpc_Tot"
"TS","RN","meters/second","Deg","Deg","meters/second","meters/second","Volts","","",""
"","","WVc","WVc","WVc","Avg","Avg","Avg","Smp","Smp","Tot"
"2016-02-09 11:00:00",1243,2.873,251.5,12.18,2.807,2.169,14.13,1003,1622,0
"2016-02-09 12:00:00",1244,3.436,251.2,6.129,3.354,2.595,13.76,1003,1622,0
"2016-02-09 13:00:00",1245,3.254,248.7,4.789,3.139,2.482,13.74,1003,1622,0
"2016-02-09 14:00:00",1246,3.674,242.2,4.936,3.449,2.674,13.69,1003,1622,0
"2016-02-09 15:00:00",1247,3.194,235.3,5.085,3.026,2.354,13.64,1003,1622,0
"2016-02-09 16:00:00",1248,2.83,241.4,10.99,2.495,1.919,13.62,1003,1622,0
"2016-02-09 17:00:00",1249,2.193,272.1,9.31,1.518,0.824,13.71,1003,1622,0
"2016-02-09 18:00:00",1250,1.725,287.5,16.05,1.251,0.296,13.1,1003,1622,0
"2016-02-09 19:00:00",1251,2.791,47.27,7.323,1.766,0.465,12.93,1003,1622,0
"2016-02-09 20:00:00",1252,2.129,89.2,14.21,1.461,0.298,12.89,1003,1622,0
"2016-02-09 21:00:00",1253,1.764,169.1,28.23,1.418,0.376,12.86,1003,1622,0
"2016-02-09 22:00:00",1254,2.711,139.4,15.42,2.025,0.933,12.84,1003,1622,0
"2016-02-09 23:00:00",1255,1.514,213.6,33.46,1.001,0.351,12.82,1003,1622,0
"2016-02-10 00:00:00",1256,1.49,62.16,39.08,1.337,0.338,12.81,1003,1622,0
"2016-02-10 01:00:00",1257,2.064,115.6,13.38,1.503,0.416,12.78,1003,1622,0
"2016-02-10 02:00:00",1258,2.653,181.6,14.64,1.921,0.775,12.76,1003,1622,0
"2016-02-10 03:00:00",1259,2.06,143.6,37.23,1.846,0.782,12.74,1003,1622,0
"2016-02-10 04:00:00",1260,2.177,81.8,12.42,1.611,0.513,12.71,1003,1622,0
"2016-02-10 05:00:00",1261,2.03,131,9.53,1.519,0.455,12.69,1003,1622,0
"2016-02-10 06:00:00",1262,2.408,132.7,15.74,1.896,0.714,12.66,1003,1622,0
"2016-02-10 07:00:00",1263,2.25,128.1,12.34,1.744,0.709,12.66,1003,1622,0
"2016-02-10 08:00:00",1264,2.058,118,9.85,1.881,1.224,13.35,1003,1622,0
"2016-02-10 09:00:00",1265,2.273,101.9,10.68,2.169,1.211,14.24,1003,1622,0
"2016-02-10 10:00:00",1266,1.26,283.8,20.46,1.238,1,14.29,1003,1622,0
"2016-02-10 11:00:00",1267,1.861,273.9,10.47,1.846,1.545,14.2,1003,1622,0
"2016-02-10 12:00:00",1268,2.015,271.9,9.66,1.949,1.619,13.85,1003,1622,0
"2016-02-10 13:00:00",1269,1.974,305.2,8.31,1.934,1.587,13.75,1003,1622,0
"2016-02-10 14:00:00",1270,2.091,329.4,11.33,2.026,1.659,13.71,1003,1622,0
"2016-02-10 15:00:00",1271,1.73,338.4,7.521,1.681,1.363,13.71,1003,1622,0
"2016-02-10 16:00:00",1272,2.315,354.4,6.944,2.262,1.759,13.75,1003,1622,0
"2016-02-10 17:00:00",1273,1.49,24.89,6.407,1.31,0.59,13.64,1003,1622,0
"2016-02-10 18:00:00",1274,1.701,26.32,6.98,1.32,0.254,13.13,1003,1622,0
"2016-02-10 19:00:00",1275,1.929,56.03,5.239,0.971,0.001,12.93,1003,1622,0
"2016-02-10 20:00:00",1276,2.141,57.78,8.94,1.507,0.366,12.89,1003,1622,0
"2016-02-10 21:00:00",1277,1.827,99.7,6.792,1.305,0.119,12.86,1003,1622,0
"2016-02-10 22:00:00",1278,2.264,186.1,19.2,1.698,0.523,12.85,1003,1622,0
"2016-02-10 23:00:00",1279,1.416,185.9,14.6,1.014,0.16,12.82,1003,1622,0
"2016-02-11 00:00:00",1280,1.73,132.7,18.54,1.372,0.355,12.82,1003,1622,0
"2016-02-11 01:00:00",1281,2.411,165,13.39,1.823,0.698,12.79,1003,1622,0
"2016-02-11 02:00:00",1282,2.236,120.5,8.58,1.672,0.408,12.78,1003,1622,0
"2016-02-11 03:00:00",1283,2.068,129,8.96,1.639,0.298,12.74,1003,1622,0
"2016-02-11 04:00:00",1284,2.587,129.6,11.7,1.992,0.826,12.72,1003,1622,0
"2016-02-11 05:00:00",1285,2.427,128.3,6.481,1.891,0.716,12.7,1003,1622,0
"2016-02-11 06:00:00",1286,2.72,134.9,8.87,2.037,1.02,12.67,1003,1622,0
"2016-02-11 07:00:00",1287,2.69,119.9,6.48,2.049,0.933,12.67,1003,1622,0
"2016-02-11 08:00:00",1288,2.558,117.2,6.267,2.384,1.577,13.39,1003,1622,0
"2016-02-11 09:00:00",1289,2.212,135.8,8.34,2.155,1.636,14.26,1003,1622,0
"2016-02-11 10:00:00",1290,1.778,203.4,22.45,1.698,1.379,14.3,1003,1622,0
"2016-02-11 11:00:00",1291,2.201,274.1,10.27,2.171,1.774,14.19,1003,1622,0
"2016-02-11 12:00:00",1292,2.127,275.9,19.48,2.069,1.699,13.76,1003,1622,0
"2016-02-11 13:00:00",1293,2.184,291.8,10.25,2.128,1.759,13.75,1003,1622,0
"2016-02-11 14:00:00",1294,2.664,304.7,7.88,2.614,2.076,13.75,1003,1622,0
"2016-02-11 15:00:00",1295,2.197,329.5,7.072,2.152,1.762,13.75,1003,1622,0
"2016-02-11 16:00:00",1296,1.279,277.8,12.45,1.222,1.046,13.75,1003,1622,0
"2016-02-11 17:00:00",1297,1.707,333.9,11.8,1.473,0.861,13.75,1003,1622,0
"2016-02-11 18:00:00",1298,1.863,15.2,4.033,1.31,0.162,13.13,1003,1622,0
"2016-02-11 19:00:00",1299,1.766,27.37,6.911,1.012,0.15,12.93,1003,1622,0
"2016-02-11 20:00:00",1300,2.27,51.07,5.216,1.457,0.388,12.9,1003,1622,0
"2016-02-11 21:00:00",1301,1.7,67.68,7.479,0.996,0.104,12.87,1003,1622,0
"2016-02-11 22:00:00",1302,1.347,171,15.83,1.357,0.332,12.85,1003,1622,0
"2016-02-11 23:00:00",1303,1.475,169.2,8.33,1.252,0.078,12.82,1003,1622,0
"2016-02-12 00:00:00",1304,1.566,152.5,14.1,1.44,0.259,12.82,1003,1622,0
"2016-02-12 01:00:00",1305,2.089,125.5,6.363,1.627,0.434,12.78,1003,1622,0
"2016-02-12 02:00:00",1306,2.174,139.5,5.221,1.578,0.45,12.78,1003,1622,0
"2016-02-12 03:00:00",1307,2.441,129.4,5.106,1.832,0.702,12.74,1003,1622,0
"2016-02-12 04:00:00",1308,2.773,128.1,6.111,2.161,1.078,12.72,1003,1622,0
"2016-02-12 05:00:00",1309,2.702,131.2,6.321,2.155,1.201,12.7,1003,1622,0
"2016-02-12 06:00:00",1310,2.365,116.1,7.604,1.859,0.616,12.66,1003,1622,0
"2016-02-12 07:00:00",1311,2.473,103.9,6.229,1.868,0.753,12.66,1003,1622,0
"2016-02-12 08:00:00",1312,2.397,133.1,5.676,2.115,1.578,13.4,1003,1622,0
"2016-02-12 09:00:00",1313,1.636,131.3,15.51,1.57,1.166,14.24,1003,1622,0
"2016-02-12 10:00:00",1314,1.531,274.9,14.7,1.466,1.248,14.26,1003,1622,0
"2016-02-12 11:00:00",1315,2.199,271.8,7.601,2.15,1.789,14.17,1003,1622,0
"2016-02-12 12:00:00",1316,2.485,274.9,6.398,2.426,1.975,13.76,1003,1622,0
"2016-02-12 13:00:00",1317,2.412,282.9,8.58,2.362,1.926,13.75,1003,1622,0
"2016-02-12 14:00:00",1318,2.556,325.6,7.244,2.493,1.995,13.75,1003,1622,0
"2016-02-12 15:00:00",1319,2.183,332,6.904,2.132,1.748,13.75,1003,1622,0
"2016-02-12 16:00:00",1320,1.409,333.6,6.86,1.38,1.177,13.75,1003,1622,0
"2016-02-12 17:00:00",1321,1.724,356.5,4.638,1.586,0.987,13.75,1003,1622,0
"2016-02-12 18:00:00",1322,1.617,30.16,6.711,1.109,0.167,13.14,1003,1622,0
"2016-02-12 19:00:00",1323,1.521,50.72,7.878,1.142,0.142,12.93,1003,1622,0
"2016-02-12 20:00:00",1324,2.008,61.85,6.665,1.302,0.264,12.9,1003,1622,0
"2016-02-12 21:00:00",1325,1.527,101.4,17.92,1.214,0.369,12.87,1003,1622,0
"2016-02-12 22:00:00",1326,1.609,151.4,16.35,1.47,0.53,12.85,1003,1622,0
"2016-02-12 23:00:00",1327,1.866,124.2,6.403,1.523,0.302,12.82,1003,1622,0
"2016-02-13 00:00:00",1328,1.583,116.5,8.58,1.35,0.256,12.82,1003,1622,0
"2016-02-13 01:00:00",1329,1.776,120.2,9.12,1.623,0.369,12.78,1003,1622,0
"2016-02-13 02:00:00",1330,1.808,124.2,6.045,1.381,0.206,12.77,1003,1622,0
"2016-02-13 03:00:00",1331,2.486,151.8,4.483,1.909,0.836,12.74,1003,1622,0
"2016-02-13 04:00:00",1332,2.258,137,9.98,1.756,0.476,12.71,1003,1622,0
"2016-02-13 05:00:00",1333,2.423,109.9,5,1.839,0.632,12.69,1003,1622,0
"2016-02-13 06:00:00",1334,3.028,133.5,2.849,2.306,1.446,12.66,1003,1622,0
"2016-02-13 07:00:00",1335,2.984,123,4.97,2.369,1.449,12.67,1003,1622,0
"2016-02-13 08:00:00",1336,2.679,147.2,6.247,2.425,1.792,13.42,1003,1622,0
"2016-02-13 09:00:00",1337,1.89,185.6,20.94,1.811,1.46,14.26,1003,1622,0
"2016-02-13 10:00:00",1338,1.428,303.7,12.59,1.407,1.205,14.26,1003,1622,0
"2016-02-13 11:00:00",1339,1.813,294.1,12.37,1.791,1.541,14.16,1003,1622,0
"2016-02-13 12:00:00",1340,2.561,263.7,8.25,2.547,2.095,13.73,1003,1622,0
"2016-02-13 13:00:00",1341,3.256,271.4,5.393,3.199,2.5,13.74,1003,1622,0
"2016-02-13 14:00:00",1342,2.885,305.2,8.04,2.828,2.224,13.75,1003,1622,0
"2016-02-13 15:00:00",1343,2.108,331.1,6.991,2.077,1.714,13.75,1003,1622,0
"2016-02-13 16:00:00",1344,2.118,6.302,5.931,2.061,1.657,13.69,1003,1622,0
"2016-02-13 17:00:00",1345,1.911,333.4,8.46,1.644,0.838,13.7,1003,1622,0
"2016-02-13 18:00:00",1346,2.216,332.7,9.76,1.564,0.509,13.07,1003,1622,0
"2016-02-13 19:00:00",1347,1.925,13.12,7.102,1.388,0.296,12.93,1003,1622,0
"2016-02-13 20:00:00",1348,1.611,10.72,18.52,1.106,0.307,12.9,1003,1622,0
"2016-02-13 21:00:00",1349,1.67,155.2,20.79,1.486,0.521,12.87,1003,1622,0
"2016-02-13 22:00:00",1350,2.234,141.9,8.52,1.726,0.445,12.85,1003,1622,0
"2016-02-13 23:00:00",1351,1.75,152.6,17.42,1.362,0.384,12.82,1003,1622,0
"2016-02-14 00:00:00",1352,1.902,113.3,16.98,1.5,0.409,12.81,1003,1622,0
"2016-02-14 01:00:00",1353,1.993,136.5,18.76,1.713,0.607,12.79,1003,1622,0
"2016-02-14 02:00:00",1354,2.479,128.2,8.48,1.787,0.719,12.77,1003,1622,0
"2016-02-14 03:00:00",1355,2.134,134.7,13.55,1.651,0.511,12.75,1003,1622,0
"2016-02-14 04:00:00",1356,2.087,132.3,16.21,1.519,0.542,12.72,1003,1622,0
"2016-02-14 05:00:00",1357,1.967,130.7,15.29,1.46,0.491,12.7,1003,1622,0
"2016-02-14 06:00:00",1358,2.545,156,25.24,1.884,0.714,12.67,1003,1622,0
"2016-02-14 07:00:00",1359,2.732,121.2,10.25,2.114,1.085,12.68,1003,1622,0
"2016-02-14 08:00:00",1360,2.321,125.1,15.53,2.025,1.322,13.41,1003,1622,0
"2016-02-14 09:00:00",1361,1.83,133.9,21.45,1.788,1.361,14.22,1003,1622,0
"2016-02-14 10:00:00",1362,1.773,270.5,37,1.68,1.356,14.23,1003,1622,0
"2016-02-14 11:00:00",1363,3.015,271.2,15.35,2.871,2.256,14.14,1003,1622,0
"2016-02-14 12:00:00",1364,3.058,255.1,8.34,2.995,2.356,13.74,1003,1622,0
"2016-02-14 13:00:00",1365,3.56,282.9,6.388,3.263,2.525,13.7,1003,1622,0
"2016-02-14 14:00:00",1366,3.7,257.7,6.581,3.363,2.597,13.64,1003,1622,0
"2016-02-14 15:00:00",1367,2.973,240.7,5.453,2.855,2.24,13.6,1003,1622,0
"2016-02-14 16:00:00",1368,2.847,230.6,6.577,2.463,1.79,13.58,1003,1622,0
"2016-02-14 17:00:00",1369,2.526,265,9.32,2.016,1.446,13.53,1003,1622,0
"2016-02-14 18:00:00",1370,6.17,344.7,8.92,5.329,3.533,13.07,1003,1622,0
"2016-02-14 19:00:00",1371,5.339,15.74,8.88,4.449,2.93,12.94,1003,1622,0
"2016-02-14 20:00:00",1372,6.893,5.059,6.582,6.04,4.111,12.93,1003,1622,0
"2016-02-14 21:00:00",1373,5.167,0.874,10.64,4.347,2.872,12.89,1003,1622,0
"2016-02-14 22:00:00",1374,4.329,341.6,8.18,3.367,2.011,12.86,1003,1622,0
"2016-02-14 23:00:00",1375,4.708,320.8,4.879,3.504,2.046,12.85,1003,1622,0
"2016-02-15 00:00:00",1376,5.194,319.9,7.627,4.038,2.475,12.84,1003,1622,0
"2016-02-15 01:00:00",1377,5.987,340.6,10.04,4.891,3.173,12.82,1003,1622,0
"2016-02-15 02:00:00",1378,6.859,341.6,6.618,5.629,3.712,12.82,1003,1622,0
"2016-02-15 03:00:00",1379,5.64,338.6,6.096,4.378,2.774,12.79,1003,1622,0
"2016-02-15 04:00:00",1380,5.367,323.2,7.06,4.298,2.668,12.78,1003,1622,0
"2016-02-15 05:00:00",1381,5.419,339.3,11.71,4.434,2.849,12.76,1003,1622,0
"2016-02-15 06:00:00",1382,2.758,46.04,49.36,2.281,1.389,12.74,1003,1622,0
"2016-02-15 07:00:00",1383,2.709,124.9,18,2.268,1.282,12.76,1003,1622,0
"2016-02-15 08:00:00",1384,2.461,124.3,13.37,2.273,1.519,13.33,1003,1622,0
"2016-02-15 09:00:00",1385,1.879,96.9,19.95,1.818,1.151,14.02,1003,1622,0
"2016-02-15 10:00:00",1386,3.227,247.6,30.05,3.08,2.402,14.1,1003,1622,0
"2016-02-15 11:00:00",1387,3.953,239.6,6.714,3.779,2.891,14.05,1003,1622,0
"2016-02-15 12:00:00",1388,4.029,242.7,6.115,3.842,2.926,13.61,1003,1622,0
"2016-02-15 13:00:00",1389,4.191,255.4,6.408,3.796,2.885,13.57,1003,1622,0
"2016-02-15 14:00:00",1390,3.934,248.4,5.933,3.629,2.76,13.56,1003,1622,0
"2016-02-15 15:00:00",1391,3.578,262.8,6.055,3.133,2.398,13.56,1003,1622,0
"2016-02-15 16:00:00",1392,3.506,241.2,5.156,3.103,2.326,13.59,1003,1622,0
"2016-02-15 17:00:00",1393,3.489,229.8,2.774,2.66,1.766,13.61,1003,1622,0
"2016-02-15 18:00:00",1394,2.148,211.9,6.817,1.687,0.537,13.13,1003,1622,0
"2016-02-15 19:00:00",1395,1.45,310.8,26.49,1.226,0.242,12.94,1003,1622,0
"2016-02-15 20:00:00",1396,1.096,119.4,32.75,1.149,0.271,12.9,1003,1622,0
"2016-02-15 21:00:00",1397,1.908,120.2,19.14,1.38,0.358,12.86,1003,1622,0
"2016-02-15 22:00:00",1398,1.142,163.6,50.08,1.093,0.399,12.86,1003,1622,0
"2016-02-15 23:00:00",1399,1.758,128.9,25.05,1.514,0.444,12.82,1003,1622,0
"2016-02-16 00:00:00",1400,2.237,169.9,22.51,1.598,0.627,12.82,1003,1622,0
"2016-02-16 01:00:00",1401,2.22,137.6,11.89,1.661,0.537,12.79,1003,1622,0
"2016-02-16 02:00:00",1402,2.451,159.7,23.59,1.89,0.998,12.78,1003,1622,0
"2016-02-16 03:00:00",1403,2.401,132.8,14.55,1.918,0.748,12.75,1003,1622,0
"2016-02-16 04:00:00",1404,1.617,112.7,20.36,1.256,0.284,12.73,1003,1622,0
"2016-02-16 05:00:00",1405,2.091,78.43,27.03,1.591,0.419,12.7,1003,1622,0
"2016-02-16 06:00:00",1406,1.928,83.1,46.28,1.528,0.728,12.69,1003,1622,0
"2016-02-16 07:00:00",1407,2.811,197.8,12.65,2.022,0.972,12.7,1003,1622,0
"2016-02-16 08:00:00",1408,2.099,170.5,33.45,1.854,1.301,13.42,1003,1622,0
"2016-02-16 09:00:00",1409,1.63,142.8,21.88,1.564,1.166,14.15,1003,1622,0
"2016-02-16 10:00:00",1410,2.303,240.5,18.87,2.224,1.766,14.16,1003,1622,0
"2016-02-16 11:00:00",1411,2.551,246.8,12.93,2.473,1.951,14.07,1003,1622,0
"2016-02-16 12:00:00",1412,2.399,299.5,11.73,2.381,1.905,13.58,1003,1622,0
"2016-02-16 13:00:00",1413,1.918,307,10.13,1.903,1.564,13.56,1003,1622,0
"2016-02-16 14:00:00",1414,2.468,280.4,8.58,2.41,1.927,13.56,1003,1622,0
"2016-02-16 15:00:00",1415,2.504,264.2,7.618,2.424,1.912,13.55,1003,1622,0
"2016-02-16 16:00:00",1416,1.955,291.6,6.013,1.892,1.506,13.56,1003,1622,0
"2016-02-16 17:00:00",1417,1.57,287.3,4.255,1.444,0.801,13.58,1003,1622,0
"2016-02-16 18:00:00",1418,1.743,292.6,5.333,1.24,0.004,13.11,1003,1622,0
"2016-02-16 19:00:00",1419,2.463,26.2,10.13,1.701,0.623,12.94,1003,1622,0
"2016-02-16 20:00:00",1420,2.937,70.28,5.29,1.81,0.527,12.91,1003,1622,0
"2016-02-16 21:00:00",1421,2.036,103.9,8.74,1.47,0.164,12.88,1003,1622,0
"2016-02-16 22:00:00",1422,2.379,132.8,8.27,1.723,0.56,12.85,1003,1622,0
"2016-02-16 23:00:00",1423,2.755,116,6.402,2.073,0.981,12.83,1003,1622,0
"2016-02-17 00:00:00",1424,2.178,197.7,17.85,1.761,0.69,12.82,1003,1622,0
"2016-02-17 01:00:00",1425,2.451,149.9,4.5,1.943,0.745,12.8,1003,1622,0
"2016-02-17 02:00:00",1426,1.95,116.3,5.167,1.374,0.182,12.78,1003,1622,0
"2016-02-17 03:00:00",1427,2.174,96.3,7.281,1.588,0.364,12.75,1003,1622,0
"2016-02-17 04:00:00",1428,2.534,103.8,8.09,1.866,0.556,12.73,1003,1622,0
"2016-02-17 05:00:00",1429,2.603,169.9,11.41,2.014,1.001,12.7,1003,1622,0
"2016-02-17 06:00:00",1430,2.391,142.3,5.594,1.764,0.657,12.69,1003,1622,0
"2016-02-17 07:00:00",1431,2.211,109.8,8.82,1.716,0.442,12.71,1003,1622,0
"2016-02-17 08:00:00",1432,2.124,116.6,28.2,1.995,1.26,13.42,1003,1622,0
"2016-02-17 09:00:00",1433,3.564,134.4,7.213,3.403,2.45,14.21,1003,1622,0
"2016-02-17 10:00:00",1434,3.745,147.2,9.08,3.609,2.698,14.25,1003,1622,0
"2016-02-17 11:00:00",1435,3.952,159.5,9.91,3.783,2.858,14.1,1003,1622,0
"2016-02-17 12:00:00",1436,2.515,158.8,19.41,2.383,1.857,13.62,1003,1622,0
"2016-02-17 13:00:00",1437,3.372,152.7,23.21,3.225,2.412,13.56,1003,1622,0
"2016-02-17 14:00:00",1438,5.52,148.2,9.46,5.221,3.729,13.53,1003,1622,0
"2016-02-17 15:00:00",1439,5.714,153.1,7.505,5.405,3.892,13.52,1003,1622,0
"2016-02-17 16:00:00",1440,5.49,155.4,6.354,5.123,3.675,13.53,1003,1622,0
"2016-02-17 17:00:00",1441,4.919,156,6.109,4.441,3.147,13.41,1003,1622,0
"2016-02-17 18:00:00",1442,4.555,167.2,10.43,3.977,2.714,13,1003,1622,0
"2016-02-17 19:00:00",1443,3.536,237.2,25.46,3.051,2.015,12.93,1003,1622,0
"2016-02-17 20:00:00",1444,8.39,273.5,8.24,7.289,5.004,12.91,1003,1622,0.023
"2016-02-17 21:00:00",1445,7.994,267.6,5.055,6.958,4.88,12.89,1003,1622,0.002
"2016-02-17 22:00:00",1446,7.221,252.9,4.763,6.129,4.318,12.85,1003,1622,0
"2016-02-17 23:00:00",1447,7.495,241.3,3.492,6.323,4.458,12.85,1003,1622,0
"2016-02-18 00:00:00",1448,5.846,226.2,5.411,5.056,3.585,12.83,1003,1622,0
"2016-02-18 01:00:00",1449,4.525,217.5,8.66,3.87,2.766,12.82,1003,1622,0
"2016-02-18 02:00:00",1450,3.472,195.7,11.32,3.02,2.138,12.8,1003,1622,0
"2016-02-18 03:00:00",1451,3.84,249.6,12.48,3.024,2.047,12.78,1003,1622,0
"2016-02-18 04:00:00",1452,2.39,60.86,26.01,2.023,1.079,12.76,1003,1622,0
"2016-02-18 05:00:00",1453,3.485,223.6,42.25,2.999,1.911,12.74,1003,1622,0
"2016-02-18 06:00:00",1454,5.203,251.6,20.22,4.522,3.151,12.72,1003,1622,0
"2016-02-18 07:00:00",1455,6.117,280.2,7.677,5.303,3.694,12.71,1003,1622,0
"2016-02-18 08:00:00",1456,5.692,268.1,7.459,4.919,3.456,12.87,1003,1622,0
"2016-02-18 09:00:00",1457,6.254,254.2,5.699,5.446,3.932,13.38,1003,1622,0
"2016-02-18 10:00:00",1458,5.28,233.2,6.435,4.889,3.678,13.97,1003,1622,0
"2016-02-18 11:00:00",1459,4.588,234.4,4.997,4.344,3.346,14.15,1003,1622,0
"2016-02-18 12:00:00",1460,4.254,231.7,8.82,4.034,3.132,14.11,1003,1622,0
"2016-02-18 13:00:00",1461,4.745,221,10.43,4.472,3.441,13.68,1003,1622,0
"2016-02-18 14:00:00",1462,4.651,244.1,7.215,4.377,3.392,13.59,1003,1622,0
"2016-02-18 15:00:00",1463,5.073,267.1,5.365,4.534,3.48,13.64,1003,1622,0
"2016-02-18 16:00:00",1464,4.162,267.8,6.559,3.669,2.808,13.7,1003,1622,0
"2016-02-18 17:00:00",1465,3.856,268.3,5.361,3.27,2.412,13.71,1003,1622,0
"2016-02-18 18:00:00",1466,6.595,269.4,4.256,5.646,3.944,13,1003,1622,0
"2016-02-18 19:00:00",1467,7.163,270.3,4.345,6.218,4.335,12.93,1003,1622,0
"2016-02-18 20:00:00",1468,7.037,275.5,4.115,6.11,4.25,12.9,1003,1622,0
"2016-02-18 21:00:00",1469,6.669,270.6,4.064,5.765,3.989,12.87,1003,1622,0
"2016-02-18 22:00:00",1470,5.815,276.4,4.192,4.998,3.469,12.86,1003,1622,0
"2016-02-18 23:00:00",1471,3.568,316.2,19.36,3.096,2.066,12.85,1003,1622,0
"2016-02-19 00:00:00",1472,3.76,286.4,8.02,3.251,2.19,12.82,1003,1622,0
"2016-02-19 01:00:00",1473,4.901,302.1,14.95,4.302,2.94,12.82,1003,1622,0
"2016-02-19 02:00:00",1474,3.367,296.4,11.25,2.944,1.977,12.79,1003,1622,0
"2016-02-19 03:00:00",1475,3.049,305.6,10.54,2.676,1.81,12.78,1003,1622,0
"2016-02-19 04:00:00",1476,1.423,52.28,26.24,1.266,0.671,12.75,1003,1622,0
"2016-02-19 05:00:00",1477,1.647,49.51,14.25,1.311,0.65,12.74,1003,1622,0
"2016-02-19 06:00:00",1478,1.382,75.82,19.39,1.175,0.179,12.71,1003,1622,0
"2016-02-19 07:00:00",1479,1.018,153.3,36.8,1.014,0.087,12.72,1003,1622,0
"2016-02-19 08:00:00",1480,1.223,170.1,41.49,1.046,0.748,13.08,1003,1622,0
"2016-02-19 09:00:00",1481,1.19,328.3,21.68,1.08,0.848,13.89,1003,1622,0
"2016-02-19 10:00:00",1482,1.683,330.9,17.99,1.6,1.286,14.17,1003,1622,0
"2016-02-19 11:00:00",1483,1.45,328.1,47.51,1.427,1.151,14.08,1003,1622,0
"2016-02-19 12:00:00",1484,2.51,262.1,29.48,2.443,1.979,13.72,1003,1622,0
"2016-02-19 13:00:00",1485,3.397,275.6,5.905,3.352,2.713,13.63,1003,1622,0
"2016-02-19 14:00:00",1486,3.154,287,5.84,3.103,2.52,13.67,1003,1622,0
"2016-02-19 15:00:00",1487,2.022,320.4,11.96,1.931,1.586,13.64,1003,1622,0
"2016-02-19 16:00:00",1488,2.638,303.8,6.603,2.54,1.995,13.63,1003,1622,0
"2016-02-19 17:00:00",1489,2.292,278.5,9.64,2.118,1.545,13.71,1003,1622,0
"2016-02-19 18:00:00",1490,1.041,250.6,15.59,0.762,0.044,13.17,1003,1622,0
"2016-02-19 19:00:00",1491,0.847,159.5,10.17,0.962,0.161,12.93,1003,1622,0
"2016-02-19 20:00:00",1492,2.35,57.77,10.14,1.748,0.543,12.91,1003,1622,0
"2016-02-19 21:00:00",1493,1.991,66.19,10.69,1.259,0.088,12.87,1003,1622,0
"2016-02-19 22:00:00",1494,1.75,201.8,19.99,1.467,0.54,12.86,1003,1622,0
"2016-02-19 23:00:00",1495,1.646,242.3,19.95,0.953,0.095,12.84,1003,1622,0
"2016-02-20 00:00:00",1496,1.322,72.8,12.85,1.371,0.392,12.82,1003,1622,0
"2016-02-20 01:00:00",1497,1.056,109,12.29,1.009,0.114,12.81,1003,1622,0
"2016-02-20 02:00:00",1498,1.885,132,11.22,1.648,0.489,12.78,1003,1622,0
"2016-02-20 03:00:00",1499,2.313,134.5,10.77,1.874,0.799,12.75,1003,1622,0
"2016-02-20 04:00:00",1500,1.361,118.9,26.01,1.639,0.614,12.73,1003,1622,0
"2016-02-20 05:00:00",1501,2.638,117.1,4.385,2.178,1.237,12.7,1003,1622,0
"2016-02-20 06:00:00",1502,3.179,133.8,4.498,2.559,1.658,12.68,1003,1622,0
"2016-02-20 07:00:00",1503,3.505,129.2,10.56,3.056,2.045,12.71,1003,1622,0
"2016-02-20 08:00:00",1504,3.285,143.7,5.844,3.079,2.27,13.45,1003,1622,0
"2016-02-20 09:00:00",1505,2.441,151.8,13.13,2.353,1.836,14.21,1003,1622,0
"2016-02-20 10:00:00",1506,1.834,268.1,27.14,1.774,1.416,14.21,1003,1622,0
"2016-02-20 11:00:00",1507,2.95,293.6,6.497,2.874,2.315,14.11,1003,1622,0
"2016-02-20 12:00:00",1508,2.85,306.8,7.93,2.779,2.25,13.75,1003,1622,0
"2016-02-20 13:00:00",1509,2.596,273.8,8.85,2.507,2.096,13.72,1003,1622,0
"2016-02-20 14:00:00",1510,2.461,268.9,8.16,2.365,1.969,13.74,1003,1622,0
"2016-02-20 15:00:00",1511,1.912,293.1,9.37,1.852,1.572,13.66,1003,1622,0
"2016-02-20 16:00:00",1512,1.947,254.8,8.2,1.895,1.598,13.65,1003,1622,0
"2016-02-20 17:00:00",1513,1.567,308.5,6.98,1.454,1.107,13.7,1003,1622,0
"2016-02-20 18:00:00",1514,0.861,341.6,10.1,0.539,0.05,13.19,1003,1622,0
"2016-02-20 19:00:00",1515,1.406,48.67,13.62,1.093,0.088,12.94,1003,1622,0
"2016-02-20 20:00:00",1516,2.203,79.81,6.905,1.372,0.219,12.92,1003,1622,0
"2016-02-20 21:00:00",1517,1.728,92.2,8.1,1.144,0.116,12.88,1003,1622,0
"2016-02-20 22:00:00",1518,2.086,150.5,16.29,1.519,0.537,12.86,1003,1622,0
"2016-02-20 23:00:00",1519,1.653,185.3,7.435,0.996,0.047,12.84,1003,1622,0
"2016-02-21 00:00:00",1520,0.943,330.2,17.39,0.858,0.154,12.82,1003,1622,0
"2016-02-21 01:00:00",1521,1.226,25.78,14.66,0.852,0.154,12.8,1003,1622,0
"2016-02-21 02:00:00",1522,1.896,133.1,5.859,1.609,0.502,12.78,1003,1622,0
"2016-02-21 03:00:00",1523,2.408,150.5,13.11,1.769,0.633,12.75,1003,1622,0
"2016-02-21 04:00:00",1524,2.103,123.7,10.84,1.881,0.685,12.73,1003,1622,0
"2016-02-21 05:00:00",1525,2.788,136.6,5.433,2.167,1.209,12.7,1003,1622,0
"2016-02-21 06:00:00",1526,2.839,137.6,6.895,2.227,1.225,12.67,1003,1622,0
"2016-02-21 07:00:00",1527,3.056,128,4.666,2.441,1.548,12.71,1003,1622,0
"2016-02-21 08:00:00",1528,3.124,124.6,5.831,2.966,2.093,13.48,1003,1622,0
"2016-02-21 09:00:00",1529,3.25,140.9,6.649,3.14,2.395,14.26,1003,1622,0
"2016-02-21 10:00:00",1530,1.681,198.3,45.61,1.608,1.357,14.21,1003,1622,0
"2016-02-21 11:00:00",1531,2.57,265.6,8.15,2.53,2.103,14.04,1003,1622,0
"2016-02-21 12:00:00",1532,2.771,262.8,8.03,2.703,2.226,13.68,1003,1622,0
"2016-02-21 13:00:00",1533,2.249,293.7,8.33,2.218,1.854,13.64,1003,1622,0
"2016-02-21 14:00:00",1534,2.732,336.1,8.1,2.725,2.182,13.64,1003,1622,0
"2016-02-21 15:00:00",1535,2.41,339.4,4.845,2.429,1.992,13.6,1003,1622,0
"2016-02-21 16:00:00",1536,3.089,323.5,6.418,3.032,2.301,13.61,1003,1622,0
"2016-02-21 17:00:00",1537,2.362,332.7,4.062,2.224,1.512,13.64,1003,1622,0
"2016-02-21 18:00:00",1538,2.054,350.2,10.4,1.702,0.561,13.19,1003,1622,0
"2016-02-21 19:00:00",1539,2.306,18.2,15.1,1.708,0.458,12.94,1003,1622,0
"2016-02-21 20:00:00",1540,2.923,49.5,5.053,1.992,0.7,12.92,1003,1622,0
"2016-02-21 21:00:00",1541,1.291,205.4,36.12,1.361,0.469,12.88,1003,1622,0
"2016-02-21 22:00:00",1542,2.04,237.8,27.57,1.606,0.729,12.86,1003,1622,0
"2016-02-21 23:00:00",1543,2.755,256.3,19.39,2.191,1.258,12.85,1003,1622,0
"2016-02-22 00:00:00",1544,2.332,236,34.96,1.852,0.927,12.82,1003,1622,0
"2016-02-22 01:00:00",1545,2.021,128,21.53,1.769,0.897,12.82,1003,1622,0
"2016-02-22 02:00:00",1546,1.587,196.9,24.41,1.506,0.597,12.79,1003,1622,0
"2016-02-22 03:00:00",1547,1.78,165.3,35.96,1.685,0.792,12.77,1003,1622,0
"2016-02-22 04:00:00",1548,2.282,273.3,26.16,1.701,0.87,12.74,1003,1622,0
"2016-02-22 05:00:00",1549,2.214,115,14.49,1.659,0.648,12.71,1003,1622,0
"2016-02-22 06:00:00",1550,2.838,143.6,6.287,2.203,1.209,12.7,1003,1622,0
"2016-02-22 07:00:00",1551,2.366,120.3,14.44,1.843,0.819,12.73,1003,1622,0
"2016-02-22 08:00:00",1552,2.571,158,12.35,2.333,1.758,13.49,1003,1622,0
"2016-02-22 09:00:00",1553,2.526,206.9,31.38,2.433,1.92,14.2,1003,1622,0
"2016-02-22 10:00:00",1554,1.947,273.8,48.2,1.908,1.55,14.19,1003,1622,0
"2016-02-22 11:00:00",1555,5.183,296.7,15.23,4.753,3.518,14.02,1003,1622,0
"2016-02-22 12:00:00",1556,11.02,356.6,10.51,10.19,7.259,13.6,1003,1622,0.405
"2016-02-22 13:00:00",1557,11.59,0.245,10.16,10.75,7.735,13.57,1003,1622,0.397
"2016-02-22 14:00:00",1558,7.148,348.4,10.95,6.572,4.995,13.57,1003,1622,0.009
"2016-02-22 15:00:00",1559,7.595,343.2,5.34,6.763,5.084,13.57,1003,1622,0
"2016-02-22 16:00:00",1560,6.547,358.3,9.14,6.026,4.566,13.59,1003,1622,0
"2016-02-22 17:00:00",1561,5.837,0.521,9.41,5.264,3.92,13.61,1003,1622,0
"2016-02-22 18:00:00",1562,3.625,13.56,11.28,3.027,1.89,13.13,1003,1622,0
"2016-02-22 19:00:00",1563,4.793,16.12,6.722,3.864,2.48,12.94,1003,1622,0
"2016-02-22 20:00:00",1564,4.697,358,11.5,3.998,2.789,12.92,1003,1622,0
"2016-02-22 21:00:00",1565,2.642,85.7,39.34,2.302,1.386,12.89,1003,1622,0
"2016-02-22 22:00:00",1566,1.733,204.2,32.57,1.452,0.87,12.86,1003,1622,0
"2016-02-22 23:00:00",1567,2.597,202.3,29.81,1.905,1.139,12.86,1003,1622,0
"2016-02-23 00:00:00",1568,2.483,169.6,14.13,1.926,0.934,12.83,1003,1622,0
"2016-02-23 01:00:00",1569,2.432,116.4,15.69,1.889,0.701,12.81,1003,1622,0
"2016-02-23 02:00:00",1570,2.719,127.1,9.5,2.122,1.026,12.78,1003,1622,0
"2016-02-23 03:00:00",1571,2.621,148.2,11.98,2.018,0.97,12.76,1003,1622,0
"2016-02-23 04:00:00",1572,2.287,141.3,17.48,1.799,0.631,12.73,1003,1622,0
"2016-02-23 05:00:00",1573,2.683,131.4,13.63,2.021,0.955,12.7,1003,1622,0
"2016-02-23 06:00:00",1574,3.197,156.9,7.714,2.517,1.676,12.68,1003,1622,0
"2016-02-23 07:00:00",1575,2.435,107.3,15.59,1.591,0.557,12.72,1003,1622,0
"2016-02-23 08:00:00",1576,3.348,53.23,17.75,2.679,1.514,13.48,1003,1622,0
"2016-02-23 09:00:00",1577,8.7,35.56,5.182,7.921,5.766,14.19,1003,1622,0.028
"2016-02-23 10:00:00",1578,8.94,35.26,5.195,8.23,5.978,14.22,1003,1622,0.018
"2016-02-23 11:00:00",1579,6.989,32.25,6.523,6.611,5.02,14.08,1003,1622,0.002
"2016-02-23 12:00:00",1580,4.591,9.91,12.02,4.397,3.446,13.69,1003,1622,0
"2016-02-23 13:00:00",1581,4.48,352.1,12.53,4.291,3.38,13.61,1003,1622,0
"2016-02-23 14:00:00",1582,4.404,354.9,15.4,4.239,3.325,13.63,1003,1622,0
"2016-02-23 15:00:00",1583,4.645,20.12,12.57,4.469,3.472,13.63,1003,1622,0
"2016-02-23 16:00:00",1584,4.58,35.82,9.42,4.333,3.229,13.68,1003,1622,0
"2016-02-23 17:00:00",1585,2.439,48.54,8.09,2.113,1.212,13.63,1003,1622,0
"2016-02-23 18:00:00",1586,2.063,87.4,13.05,1.533,0.357,13.02,1003,1622,0
"2016-02-23 19:00:00",1587,2.378,51.43,8.34,1.862,0.446,12.93,1003,1622,0
"2016-02-23 20:00:00",1588,1.599,43.51,19.71,1.327,0.31,12.9,1003,1622,0
"2016-02-23 21:00:00",1589,1.236,315.6,32.95,1.098,0.164,12.87,1003,1622,0
"2016-02-23 22:00:00",1590,2.603,311.8,35.43,2.138,1.127,12.86,1003,1622,0
"2016-02-23 23:00:00",1591,1.106,66.49,29.02,1.027,0.239,12.83,1003,1622,0
"2016-02-24 00:00:00",1592,1.581,127.4,22.96,1.473,0.627,12.82,1003,1622,0
"2016-02-24 01:00:00",1593,1.66,193.5,17.11,1.672,0.545,12.8,1003,1622,0
"2016-02-24 02:00:00",1594,2.786,229.4,20.3,2.17,0.987,12.78,1003,1622,0
"2016-02-24 03:00:00",1595,2.704,221.7,17.8,2.097,0.827,12.74,1003,1622,0
"2016-02-24 04:00:00",1596,2.194,201.1,18.03,1.763,0.739,12.72,1003,1622,0
"2016-02-24 05:00:00",1597,2.703,132.8,13.17,2.216,1.06,12.7,1003,1622,0
"2016-02-24 06:00:00",1598,2.974,121.3,10.05,2.353,1.345,12.67,1003,1622,0
"2016-02-24 07:00:00",1599,2.957,137.3,5.494,2.22,1.305,12.71,1003,1622,0
"2016-02-24 08:00:00",1600,2.373,144.6,8.22,2.22,1.762,13.57,1003,1622,0
"2016-02-24 09:00:00",1601,2.793,191.8,8.96,2.713,2.234,14.29,1003,1622,0
"2016-02-24 10:00:00",1602,3.756,234.6,5.477,3.633,2.952,14.27,1003,1622,0
"2016-02-24 11:00:00",1603,3.465,255.5,5.748,3.403,2.743,14.11,1003,1622,0
"2016-02-24 12:00:00",1604,3.426,281.9,5.224,3.376,2.727,13.76,1003,1622,0
"2016-02-24 13:00:00",1605,3.779,269.6,4.837,3.718,2.972,13.76,1003,1622,0
"2016-02-24 14:00:00",1606,4.152,263.7,4.354,4.024,3.179,13.76,1003,1622,0
"2016-02-24 15:00:00",1607,3.399,252.9,5.267,3.275,2.628,13.76,1003,1622,0
"2016-02-24 16:00:00",1608,2.713,249.8,5.404,2.635,2.131,13.75,1003,1622,0
"2016-02-24 17:00:00",1609,2.181,271.8,5.791,1.915,1.467,13.76,1003,1622,0
"2016-02-24 18:00:00",1610,1.514,274.9,7.527,0.838,0.252,13.25,1003,1622,0
"2016-02-24 19:00:00",1611,0.76,90.9,17.82,0.727,0.076,12.94,1003,1622,0
"2016-02-24 20:00:00",1612,2.058,87.9,8.49,1.481,0.074,12.91,1003,1622,0
"2016-02-24 21:00:00",1613,1.778,106.2,23.72,1.255,0.076,12.88,1003,1622,0
"2016-02-24 22:00:00",1614,1.492,160,23.73,1.178,0.046,12.86,1003,1622,0
"2016-02-24 23:00:00",1615,2.091,140.9,9.66,1.443,0.339,12.83,1003,1622,0
"2016-02-25 00:00:00",1616,2.369,117.1,6.69,1.737,0.226,12.82,1003,1622,0
"2016-02-25 01:00:00",1617,2.284,136.8,9.43,1.726,0.224,12.79,1003,1622,0
"2016-02-25 02:00:00",1618,1.975,117.6,11.26,1.516,0.246,12.78,1003,1622,0
"2016-02-25 03:00:00",1619,2.386,121,4.818,1.888,0.593,12.74,1003,1622,0
"2016-02-25 04:00:00",1620,2.725,128.5,5.961,2.079,0.989,12.71,1003,1622,0
"2016-02-25 05:00:00",1621,2.612,135,6.598,1.993,0.901,12.69,1003,1622,0
"2016-02-25 06:00:00",1622,2.495,108.2,7.865,1.92,0.728,12.65,1003,1622,0
"2016-02-25 07:00:00",1623,2.657,133.3,6.636,2.032,1.205,12.71,1003,1622,0
"2016-02-25 08:00:00",1624,2.09,147.6,8.67,1.932,1.564,13.6,1003,1622,0
"2016-02-25 09:00:00",1625,1.883,172.6,19.83,1.805,1.511,14.3,1003,1622,0
"2016-02-25 10:00:00",1626,2.505,280.7,9.86,2.424,1.997,14.25,1003,1622,0
"2016-02-25 11:00:00",1627,1.877,285.2,42.97,1.812,1.516,14.06,1003,1622,0
"2016-02-25 12:00:00",1628,2.38,278.1,9.44,2.309,1.949,13.75,1003,1622,0
"2016-02-25 13:00:00",1629,2.528,286.2,7.745,2.471,2.07,13.75,1003,1622,0
"2016-02-25 14:00:00",1630,2.394,297.9,8.05,2.324,1.945,13.75,1003,1622,0
"2016-02-25 15:00:00",1631,1.823,299.7,13.44,1.754,1.49,13.67,1003,1622,0
"2016-02-25 16:00:00",1632,2.388,315.4,6.772,2.339,1.908,13.66,1003,1622,0
"2016-02-25 17:00:00",1633,1.951,341.5,5.154,1.897,1.386,13.75,1003,1622,0
"2016-02-25 18:00:00",1634,1.64,21.81,5.016,1.432,0.369,13.23,1003,1622,0
"2016-02-25 19:00:00",1635,2.561,47.59,5.121,1.571,0.255,12.94,1003,1622,0
"2016-02-25 20:00:00",1636,2.616,82.8,5.927,1.623,0.228,12.92,1003,1622,0
"2016-02-25 21:00:00",1637,1.826,85.5,9.59,1.294,0.147,12.88,1003,1622,0
"2016-02-25 22:00:00",1638,1.471,149.2,15.78,1.333,0.131,12.86,1003,1622,0
"2016-02-25 23:00:00",1639,1.135,154.6,25.44,0.848,0.056,12.84,1003,1622,0
"2016-02-26 00:00:00",1640,0.956,136.2,17.86,0.829,0.06,12.82,1003,1622,0
"2016-02-26 01:00:00",1641,1.698,125.2,7.004,1.469,0.271,12.81,1003,1622,0
"2016-02-26 02:00:00",1642,1.824,119.4,13.01,1.549,0.427,12.78,1003,1622,0
"2016-02-26 03:00:00",1643,1.869,144.4,10.33,1.583,0.307,12.75,1003,1622,0
"2016-02-26 04:00:00",1644,2.567,128.1,4.752,1.916,0.673,12.72,1003,1622,0
"2016-02-26 05:00:00",1645,2.676,127.9,3.392,2.07,0.979,12.7,1003,1622,0
"2016-02-26 06:00:00",1646,2.628,126.2,3.648,1.998,0.856,12.66,1003,1622,0
"2016-02-26 07:00:00",1647,2.813,118.8,3.578,2.273,1.368,12.72,1003,1622,0
"2016-02-26 08:00:00",1648,2.533,131.3,6.538,2.393,1.821,13.58,1003,1622,0
"2016-02-26 09:00:00",1649,1.647,179.5,21.21,1.557,1.303,14.28,1003,1622,0
"2016-02-26 10:00:00",1650,1.822,272.9,10.08,1.801,1.56,14.21,1003,1622,0
"2016-02-26 11:00:00",1651,2.658,272.4,6.707,2.604,2.182,14.04,1003,1622,0
"2016-02-26 12:00:00",1652,2.416,281.4,9.72,2.339,1.968,13.75,1003,1622,0
"2016-02-26 13:00:00",1653,2.218,286.9,9.34,2.156,1.829,13.7,1003,1622,0
"2016-02-26 14:00:00",1654,2.498,287.2,7.338,2.443,2.038,13.68,1003,1622,0
"2016-02-26 15:00:00",1655,1.872,321.1,9.04,1.821,1.569,13.64,1003,1622,0
"2016-02-26 16:00:00",1656,1.746,322,6.995,1.722,1.464,13.62,1003,1622,0
"2016-02-26 17:00:00",1657,1.438,0.311,4.512,1.333,0.662,13.54,1003,1622,0
"2016-02-26 18:00:00",1658,0.306,350.9,7.658,0.333,0.013,13.02,1003,1622,0
"2016-02-26 19:00:00",1659,1.529,85.7,19.15,1.325,0.22,12.94,1003,1622,0
"2016-02-26 20:00:00",1660,2.081,79.08,6.971,1.407,0.174,12.91,1003,1622,0
"2016-02-26 21:00:00",1661,2.244,109.4,9.98,1.642,0.633,12.88,1003,1622,0
"2016-02-26 22:00:00",1662,0.947,75.04,11.46,0.49,0.002,12.86,1003,1622,0
"2016-02-26 23:00:00",1663,1.541,226.8,24.59,1.563,0.588,12.85,1003,1622,0
"2016-02-27 00:00:00",1664,1.289,141.3,15.73,1.191,0.196,12.82,1003,1622,0
"2016-02-27 01:00:00",1665,1.543,107.9,8.76,1.019,0.103,12.82,1003,1622,0
"2016-02-27 02:00:00",1666,3.023,142.8,6.315,2.333,1.34,12.78,1003,1622,0
"2016-02-27 03:00:00",1667,3.063,120.1,4.211,2.456,1.512,12.76,1003,1622,0
"2016-02-27 04:00:00",1668,1.997,130.3,12.26,1.459,0.584,12.74,1003,1622,0
"2016-02-27 05:00:00",1669,3.274,113.6,4.969,2.539,1.237,12.7,1003,1622,0
"2016-02-27 06:00:00",1670,3.571,142.3,8.15,2.904,2.008,12.68,1003,1622,0
"2016-02-27 07:00:00",1671,2.731,126.3,10.41,2.122,1.131,12.73,1003,1622,0
"2016-02-27 08:00:00",1672,3.002,112.7,7.526,2.759,1.722,13.53,1003,1622,0
"2016-02-27 09:00:00",1673,2.397,145.3,11.44,2.319,1.877,14.22,1003,1622,0
"2016-02-27 10:00:00",1674,1.926,137.4,19.64,1.838,1.48,14.19,1003,1622,0
"2016-02-27 11:00:00",1675,2.449,269.6,21.64,2.439,2.05,13.99,1003,1622,0
"2016-02-27 12:00:00",1676,2.955,263.9,6.348,2.946,2.436,13.68,1003,1622,0
"2016-02-27 13:00:00",1677,2.759,277,5.857,2.756,2.301,13.64,1003,1622,0
"2016-02-27 14:00:00",1678,2.779,290.6,5.93,2.752,2.266,13.65,1003,1622,0
"2016-02-27 15:00:00",1679,2.364,307.4,6.306,2.364,1.953,13.63,1003,1622,0
"2016-02-27 16:00:00",1680,2.295,306.6,7.856,2.233,1.825,13.63,1003,1622,0
"2016-02-27 17:00:00",1681,2.598,330.5,4.267,2.362,1.798,13.63,1003,1622,0
"2016-02-27 18:00:00",1682,2.409,358.8,5.846,1.953,0.979,13.24,1003,1622,0
"2016-02-27 19:00:00",1683,2.417,47.09,4.452,1.487,0.224,12.95,1003,1622,0
"2016-02-27 20:00:00",1684,2.001,80.1,7.75,1.091,0.094,12.92,1003,1622,0
"2016-02-27 21:00:00",1685,2.318,112.8,11.03,1.606,0.258,12.89,1003,1622,0
"2016-02-27 22:00:00",1686,2.318,149.6,17.01,1.762,0.675,12.86,1003,1622,0
"2016-02-27 23:00:00",1687,1.818,157.5,21.79,1.379,0.348,12.85,1003,1622,0
"2016-02-28 00:00:00",1688,2.475,108.5,7.663,1.824,0.604,12.82,1003,1622,0
"2016-02-28 01:00:00",1689,1.762,89.2,17,1.401,0.432,12.82,1003,1622,0
"2016-02-28 02:00:00",1690,0.825,107.4,20.59,0.492,0.067,12.79,1003,1622,0
"2016-02-28 03:00:00",1691,1.085,179.9,30.1,1.023,0.238,12.77,1003,1622,0
"2016-02-28 04:00:00",1692,2.131,144.6,12.34,1.786,0.671,12.74,1003,1622,0
"2016-02-28 05:00:00",1693,1.575,106.6,20.08,1.339,0.414,12.71,1003,1622,0
"2016-02-28 06:00:00",1694,2.739,112.9,7.459,2.086,0.994,12.7,1003,1622,0
"2016-02-28 07:00:00",1695,2.873,120.7,5.431,2.318,1.443,12.75,1003,1622,0
"2016-02-28 08:00:00",1696,3.055,146.8,6.071,2.816,2.177,13.55,1003,1622,0
"2016-02-28 09:00:00",1697,2.619,158.9,9.54,2.507,2.065,14.24,1003,1622,0
"2016-02-28 10:00:00",1698,2.503,178.4,15.33,2.393,2,14.18,1003,1622,0
"2016-02-28 11:00:00",1699,1.843,285.8,12.28,1.866,1.618,14.11,1003,1622,0
"2016-02-28 12:00:00",1700,2.245,260.7,49.82,2.227,1.886,13.66,1003,1622,0
"2016-02-28 13:00:00",1701,2.213,303.4,11.04,2.188,1.849,13.61,1003,1622,0
"2016-02-28 14:00:00",1702,2.223,273.6,8.27,2.172,1.828,13.56,1003,1622,0
"2016-02-28 15:00:00",1703,2.889,304.2,8.13,2.827,2.291,13.57,1003,1622,0
"2016-02-28 16:00:00",1704,3.022,344.5,5.746,2.953,2.355,13.57,1003,1622,0
"2016-02-28 17:00:00",1705,2.591,357,5.215,2.432,1.772,13.6,1003,1622,0
"2016-02-28 18:00:00",1706,2.142,14.35,2.741,1.713,0.509,13.14,1003,1622,0
"2016-02-28 19:00:00",1707,2.627,34.25,3.286,1.805,0.504,12.94,1003,1622,0
"2016-02-28 20:00:00",1708,2.75,55.69,2.739,1.629,0.341,12.92,1003,1622,0
"2016-02-28 21:00:00",1709,2.22,91.3,8.55,1.627,0.377,12.89,1003,1622,0
"2016-02-28 22:00:00",1710,2.015,134.9,14.13,1.382,0.261,12.86,1003,1622,0
"2016-02-28 23:00:00",1711,1.881,213.3,16.18,1.375,0.567,12.86,1003,1622,0
"2016-02-29 00:00:00",1712,1.179,111.2,14.48,1.215,0.108,12.82,1003,1622,0
"2016-02-29 01:00:00",1713,2.106,102.1,6.615,1.581,0.536,12.82,1003,1622,0
"2016-02-29 02:00:00",1714,2.282,129.9,5.977,1.671,0.579,12.79,1003,1622,0
"2016-02-29 03:00:00",1715,2.315,155.7,5.003,1.513,0.418,12.77,1003,1622,0
"2016-02-29 04:00:00",1716,2.215,151.8,6.966,1.585,0.565,12.74,1003,1622,0
"2016-02-29 05:00:00",1717,1.776,154.4,12.73,1.223,0.243,12.72,1003,1622,0
"2016-02-29 06:00:00",1718,2.691,119,7.793,2.118,1.049,12.7,1003,1622,0
"2016-02-29 07:00:00",1719,2.088,91.9,14.72,1.659,0.836,12.74,1003,1622,0
"2016-02-29 08:00:00",1720,2.58,133.1,13.89,2.382,1.853,13.49,1003,1622,0
"2016-02-29 09:00:00",1721,2.017,117.5,13.82,1.918,1.4,14.16,1003,1622,0
"2016-02-29 10:00:00",1722,2.649,138.1,12.73,2.541,2.052,14.15,1003,1622,0
"2016-02-29 11:00:00",1723,2.358,196.5,28.59,2.31,1.958,13.96,1003,1622,0
"2016-02-29 12:00:00",1724,2.465,272.9,12.2,2.421,2.045,13.58,1003,1622,0
"2016-02-29 13:00:00",1725,2.99,281.5,6.54,2.938,2.422,13.57,1003,1622,0
"2016-02-29 14:00:00",1726,2.524,290.9,6.447,2.503,2.1,13.57,1003,1622,0
"2016-02-29 15:00:00",1727,2.763,329.3,7.312,2.731,2.268,13.56,1003,1622,0
"2016-02-29 16:00:00",1728,2.541,333.4,5.367,2.534,2.076,13.56,1003,1622,0
"2016-02-29 17:00:00",1729,2.246,332.3,5.912,2.158,1.681,13.57,1003,1622,0
"2016-02-29 18:00:00",1730,2.008,321.9,9.56,1.688,0.913,13.2,1003,1622,0
"2016-02-29 19:00:00",1731,2.509,32.28,5.157,1.943,0.667,12.94,1003,1622,0
"2016-02-29 20:00:00",1732,2.633,55.98,3.813,1.553,0.175,12.92,1003,1622,0
"2016-02-29 21:00:00",1733,2.195,102.5,9.98,1.598,0.538,12.89,1003,1622,0
"2016-02-29 22:00:00",1734,2.665,129.2,10.03,1.845,0.735,12.86,1003,1622,0
"2016-02-29 23:00:00",1735,2.022,155.8,24.17,1.407,0.556,12.85,1003,1622,0
"2016-03-01 00:00:00",1736,2.159,116.4,7.376,1.616,0.547,12.82,1003,1622,0
"2016-03-01 01:00:00",1737,1.772,112.8,13.47,1.457,0.545,12.82,1003,1622,0
"2016-03-01 02:00:00",1738,1.924,213.5,7.271,1.157,0.347,12.78,1003,1622,0
"2016-03-01 03:00:00",1739,1.329,125.1,9.86,1.164,0.145,12.77,1003,1622,0
"2016-03-01 04:00:00",1740,1.891,130.1,7.272,1.622,0.476,12.74,1003,1622,0
"2016-03-01 05:00:00",1741,1.864,121.5,17.97,1.444,0.651,12.71,1003,1622,0
"2016-03-01 06:00:00",1742,2.445,138.9,8.44,1.802,0.786,12.7,1003,1622,0
"2016-03-01 07:00:00",1743,2.568,129.6,3.66,1.997,1.125,12.77,1003,1622,0
"2016-03-01 08:00:00",1744,2.667,124.8,5.344,2.528,1.877,13.46,1003,1622,0
"2016-03-01 09:00:00",1745,2.195,139.2,10.3,2.118,1.711,14.08,1003,1622,0
"2016-03-01 10:00:00",1746,1.795,127.6,15.41,1.693,1.329,14.15,1003,1622,0
"2016-03-01 11:00:00",1747,2.409,152.5,17.22,2.27,1.878,14.03,1003,1622,0
"2016-03-01 12:00:00",1748,2.601,220.4,21.32,2.543,2.12,13.55,1003,1622,0
"2016-03-01 13:00:00",1749,3.069,263.5,5.431,3.023,2.477,13.54,1003,1622,0
"2016-03-01 14:00:00",1750,2.938,277.3,11.21,2.882,2.36,13.54,1003,1622,0
"2016-03-01 15:00:00",1751,3.324,272.3,7.017,3.135,2.517,13.55,1003,1622,0
"2016-03-01 16:00:00",1752,2.84,279.9,5.637,2.633,2.132,13.57,1003,1622,0
"2016-03-01 17:00:00",1753,2.127,312.3,5.941,1.879,1.523,13.61,1003,1622,0
"2016-03-01 18:00:00",1754,2.371,359.5,6.021,1.911,0.921,13.16,1003,1622,0
"2016-03-01 19:00:00",1755,2.713,35.63,4.341,1.887,0.67,12.94,1003,1622,0
"2016-03-01 20:00:00",1756,2.522,88.7,5.597,1.585,0.443,12.91,1003,1622,0
"2016-03-01 21:00:00",1757,2.911,116.6,4.645,2.205,1.156,12.89,1003,1622,0
"2016-03-01 22:00:00",1758,2.026,121.4,14.12,1.533,0.461,12.86,1003,1622,0
"2016-03-01 23:00:00",1759,1.981,127.5,17.48,1.393,0.55,12.86,1003,1622,0
"2016-03-02 00:00:00",1760,2.551,149.8,14.85,1.976,1.043,12.82,1003,1622,0
"2016-03-02 01:00:00",1761,2.054,123.3,25.49,1.455,0.706,12.82,1003,1622,0
"2016-03-02 02:00:00",1762,2.725,99.3,14.58,2.016,0.898,12.79,1003,1622,0
"2016-03-02 03:00:00",1763,2.876,129.7,6.039,2.073,1.054,12.77,1003,1622,0
"2016-03-02 04:00:00",1764,2.615,112.9,24.49,2.085,1.226,12.74,1003,1622,0
"2016-03-02 05:00:00",1765,2.442,92.9,17.53,1.866,0.867,12.72,1003,1622,0
"2016-03-02 06:00:00",1766,2.462,160.5,11.79,1.8,0.925,12.7,1003,1622,0
"2016-03-02 07:00:00",1767,2.674,96.7,14.87,2.046,0.945,12.75,1003,1622,0
"2016-03-02 08:00:00",1768,3.295,115.8,9.6,2.903,1.94,13.37,1003,1622,0
"2016-03-02 09:00:00",1769,4.186,129.7,7.244,3.927,2.953,14.06,1003,1622,0
"2016-03-02 10:00:00",1770,3.305,128.6,11.21,3.139,2.336,14.16,1003,1622,0
"2016-03-02 11:00:00",1771,3.054,256.4,25.44,2.943,2.415,14.02,1003,1622,0
"2016-03-02 12:00:00",1772,2.334,277.9,10.11,2.303,1.954,13.58,1003,1622,0
"2016-03-02 13:00:00",1773,1.815,295.2,14.31,1.866,1.633,13.52,1003,1622,0
"2016-03-02 14:00:00",1774,2.496,275.6,6.878,2.481,2.062,13.52,1003,1622,0.006
"2016-03-02 15:00:00",1775,2.801,256.2,7.17,2.767,2.241,13.52,1003,1622,0
"2016-03-02 16:00:00",1776,2.925,249.8,5.443,2.813,2.252,13.55,1003,1622,0
"2016-03-02 17:00:00",1777,2.696,286.1,13.31,2.432,1.843,13.57,1003,1622,0
"2016-03-02 18:00:00",1778,2.712,349.8,8.4,2.121,1.062,13.12,1003,1622,0
"2016-03-02 19:00:00",1779,2.532,35.31,3.964,1.929,0.691,12.94,1003,1622,0
"2016-03-02 20:00:00",1780,1.865,91.2,17.89,1.326,0.463,12.91,1003,1622,0
"2016-03-02 21:00:00",1781,2.306,66.1,18.97,1.79,0.855,12.88,1003,1622,0
"2016-03-02 22:00:00",1782,2.936,145.8,15.15,2.373,1.383,12.86,1003,1622,0
"2016-03-02 23:00:00",1783,2.712,111.1,16.22,2.129,0.95,12.85,1003,1622,0
"2016-03-03 00:00:00",1784,1.602,63.57,14.65,1.436,0.445,12.82,1003,1622,0
"2016-03-03 01:00:00",1785,2.171,82.1,12.74,1.722,0.503,12.81,1003,1622,0
"2016-03-03 02:00:00",1786,3.016,105.8,14.75,2.444,1.276,12.78,1003,1622,0
"2016-03-03 03:00:00",1787,2.675,129.5,6.961,2.036,0.961,12.77,1003,1622,0
"2016-03-03 04:00:00",1788,2.953,122.7,6.148,2.306,1.244,12.74,1003,1622,0
"2016-03-03 05:00:00",1789,3.097,135.8,7.64,2.448,1.498,12.71,1003,1622,0
"2016-03-03 06:00:00",1790,3.236,124.6,6.608,2.603,1.488,12.7,1003,1622,0
"2016-03-03 07:00:00",1791,2.477,103.4,13.59,1.999,0.94,12.74,1003,1622,0
"2016-03-03 08:00:00",1792,2.631,115.7,7.012,2.432,1.635,13.55,1003,1622,0
"2016-03-03 09:00:00",1793,2.078,156.5,10.56,1.999,1.648,14.12,1003,1622,0
"2016-03-03 10:00:00",1794,2.171,269.7,23.47,2.135,1.753,14.13,1003,1622,0
"2016-03-03 11:00:00",1795,1.915,310.2,12.73,1.914,1.636,13.98,1003,1622,0
"2016-03-03 12:00:00",1796,2.321,302.2,8.5,2.309,1.922,13.54,1003,1622,0
"2016-03-03 13:00:00",1797,3.031,261.5,10.15,2.983,2.4,13.52,1003,1622,0
"2016-03-03 14:00:00",1798,2.404,295.4,6.903,2.403,1.964,13.57,1003,1622,0
"2016-03-03 15:00:00",1799,2.047,300.1,7.512,2.044,1.687,13.56,1003,1622,0
"2016-03-03 16:00:00",1800,1.709,326.1,7.395,1.701,1.414,13.56,1003,1622,0
"2016-03-03 17:00:00",1801,1.358,336.3,9.74,1.295,0.867,13.52,1003,1622,0
"2016-03-03 18:00:00",1802,1.807,26.06,6.388,1.569,0.496,13.04,1003,1622,0
"2016-03-03 19:00:00",1803,2.085,71.51,7.917,1.484,0.326,12.94,1003,1622,0
"2016-03-03 20:00:00",1804,2.62,107.4,10.27,1.908,0.738,12.91,1003,1622,0
"2016-03-03 21:00:00",1805,2.058,133.3,10.94,1.48,0.582,12.88,1003,1622,0
"2016-03-03 22:00:00",1806,1.774,194.5,15.31,1.609,0.719,12.86,1003,1622,0
"2016-03-03 23:00:00",1807,2.666,172,14.55,2.123,1.206,12.86,1003,1622,0
"2016-03-04 00:00:00",1808,5.113,270.8,6.068,4.444,2.989,12.83,1003,1622,0
"2016-03-04 01:00:00",1809,3.623,335.9,6.199,3.145,2.048,12.82,1003,1622,0
"2016-03-04 02:00:00",1810,2.221,62.19,18.86,1.769,0.883,12.81,1003,1622,0
"2016-03-04 03:00:00",1811,2.775,118.5,9.15,2.158,1.044,12.78,1003,1622,0
"2016-03-04 04:00:00",1812,2.829,124.5,3.883,2.23,1.339,12.74,1003,1622,0
"2016-03-04 05:00:00",1813,2.506,111.2,6.669,1.96,0.888,12.72,1003,1622,0
"2016-03-04 06:00:00",1814,2.739,130.6,8.44,2.071,0.952,12.7,1003,1622,0
"2016-03-04 07:00:00",1815,3.324,115.2,4.718,2.602,1.468,12.77,1003,1622,0
"2016-03-04 08:00:00",1816,2.508,120.7,6.957,2.34,1.681,13.61,1003,1622,0
"2016-03-04 09:00:00",1817,1.818,137.9,21.79,1.734,1.35,14.2,1003,1622,0
"2016-03-04 10:00:00",1818,1.694,277.3,12.28,1.622,1.409,14.07,1003,1622,0
"2016-03-04 11:00:00",1819,2.951,272.1,6.337,2.9,2.357,13.87,1003,1622,0
"2016-03-04 12:00:00",1820,2.288,250.9,28.19,2.257,1.891,13.59,1003,1622,0
"2016-03-04 13:00:00",1821,2.418,265.8,26.3,2.394,2.001,13.51,1003,1622,0
"2016-03-04 14:00:00",1822,2.13,295.5,9.24,2.122,1.792,13.51,1003,1622,0
"2016-03-04 15:00:00",1823,2.351,289,11.43,2.352,1.954,13.51,1003,1622,0
"2016-03-04 16:00:00",1824,2.314,148.4,26.2,2.163,1.679,13.5,1003,1622,0
"2016-03-04 17:00:00",1825,2.76,153.6,8.4,2.493,1.833,13.42,1003,1622,0
"2016-03-04 18:00:00",1826,2.134,123.5,29.24,1.694,0.805,13.04,1003,1622,0
"2016-03-04 19:00:00",1827,3.633,151.2,16.86,3.181,2.049,12.94,1003,1622,0
"2016-03-04 20:00:00",1828,6.434,242.4,11.91,5.564,3.861,12.91,1003,1622,0.003
"2016-03-04 21:00:00",1829,5.919,235.2,8.81,5.124,3.606,12.89,1003,1622,0
"2016-03-04 22:00:00",1830,7.283,243.5,5.791,6.312,4.427,12.86,1003,1622,0
"2016-03-04 23:00:00",1831,6.869,245.9,3.51,5.919,4.115,12.86,1003,1622,0
"2016-03-05 00:00:00",1832,7.318,261.6,4.217,6.386,4.361,12.85,1003,1622,0
"2016-03-05 01:00:00",1833,5.445,255.8,5.931,4.643,3.119,12.82,1003,1622,0
"2016-03-05 02:00:00",1834,3.175,259.8,9.99,2.676,1.583,12.81,1003,1622,0
"2016-03-05 03:00:00",1835,6.051,292.4,4.805,5.375,3.635,12.78,1003,1622,0
"2016-03-05 04:00:00",1836,3.123,81.5,14.24,2.663,1.571,12.77,1003,1622,0
"2016-03-05 05:00:00",1837,1.914,102.9,31.24,1.887,0.931,12.74,1003,1622,0
"2016-03-05 06:00:00",1838,2.18,101.3,16.99,1.806,0.694,12.71,1003,1622,0
"2016-03-05 07:00:00",1839,2.261,107.7,7.438,1.927,0.823,12.73,1003,1622,0
"2016-03-05 08:00:00",1840,2.695,107.5,7.821,2.52,1.363,13.34,1003,1622,0
"2016-03-05 09:00:00",1841,1.78,99.9,13.92,1.693,0.791,13.72,1003,1622,0
"2016-03-05 10:00:00",1842,2.149,188.4,22.41,2.038,1.643,14.17,1003,1622,0
"2016-03-05 11:00:00",1843,2.294,261.2,11.7,2.193,1.747,14.13,1003,1622,0
"2016-03-05 12:00:00",1844,2.585,163.6,29.77,2.444,1.915,14.03,1003,1622,0
"2016-03-05 13:00:00",1845,2.535,276.6,17.34,2.489,2.022,13.66,1003,1622,0
"2016-03-05 14:00:00",1846,2.731,184.9,35.45,2.618,2.077,13.63,1003,1622,0
"2016-03-05 15:00:00",1847,2.331,162.7,14.27,2.199,1.736,13.59,1003,1622,0
"2016-03-05 16:00:00",1848,1.835,298.8,18.81,1.752,1.38,13.51,1003,1622,0
"2016-03-05 17:00:00",1849,2.763,298.1,3.395,2.303,1.618,13.19,1003,1622,0
"2016-03-05 18:00:00",1850,1.955,237.4,19.88,1.484,0.63,13,1003,1622,0
"2016-03-05 19:00:00",1851,1.473,47.47,23.69,1.099,0.236,12.93,1003,1622,0
"2016-03-05 20:00:00",1852,1.083,107.1,35.52,0.679,0.143,12.9,1003,1622,0
"2016-03-05 21:00:00",1853,3.077,216,12.21,2.627,1.614,12.88,1003,1622,0
"2016-03-05 22:00:00",1854,7.489,264.1,5.497,6.565,4.512,12.86,1003,1622,0
"2016-03-05 23:00:00",1855,10.06,255.9,4.487,8.95,6.175,12.86,1003,1622,0.224
"2016-03-06 00:00:00",1856,11.79,253.6,4.471,10.55,7.267,12.84,1003,1622,1.637
"2016-03-06 01:00:00",1857,11.5,251.7,5.202,10.25,7.141,12.82,1003,1622,1.31
"2016-03-06 02:00:00",1858,6.656,246.8,17.45,5.96,4.338,12.81,1003,1622,0.019
"2016-03-06 03:00:00",1859,9.67,277.8,10.72,8.74,6.08,12.78,1003,1622,0.276
"2016-03-06 04:00:00",1860,11,282,6.155,9.93,3.625,12.78,1003,1622,0.788
"2016-03-06 05:00:00",1861,6.249,260.1,8.97,5.628,0,12.75,1003,1622,0.022
"2016-03-06 06:00:00",1862,6.732,236.4,7.069,5.833,0,12.73,1003,1622,0.014
"2016-03-06 07:00:00",1863,6.944,230.3,13.54,6.171,0,12.78,1003,1622,0.11
"2016-03-06 08:00:00",1864,4.803,202.2,19.74,4.411,0,13.51,1003,1622,0
"2016-03-06 09:00:00",1865,5.374,197.6,8.03,5.05,0,14.07,1003,1622,0
"2016-03-06 10:00:00",1866,3.911,205.3,13.39,3.701,0,14.12,1003,1622,0
"2016-03-06 11:00:00",1867,2.737,161.5,23.16,2.603,0,14.01,1003,1622,0
"2016-03-06 12:00:00",1868,3.269,276.5,9.67,3.15,0,13.57,1003,1622,0
"2016-03-06 13:00:00",1869,11.37,260.9,10.07,10.37,0,13.61,1003,1622,3.592
"2016-03-06 14:00:00",1870,11.72,267.5,5.236,10.73,0,13.75,1003,1622,0
"2016-03-06 15:00:00",1871,10.53,258,5.015,9.65,0,13.78,1003,1622,0
"2016-03-06 16:00:00",1872,8.06,253.3,6.774,7.397,0,13.78,1003,1622,0
"2016-03-06 17:00:00",1873,9.68,263.5,5.458,8.91,0,13.8,1003,1622,0
"2016-03-06 18:00:00",1874,10.8,257,5.276,9.88,0,13.21,1003,1622,0
"2016-03-06 19:00:00",1875,11.45,258.4,4.963,10.49,0,12.93,1003,1622,0
"2016-03-06 20:00:00",1876,9.43,265.1,3.874,8.64,0,12.89,1003,1622,0
"2016-03-06 21:00:00",1877,10.28,257.7,4.366,9.45,0,12.87,1003,1622,0
"2016-03-06 22:00:00",1878,8.72,261.6,4.672,7.983,0,12.86,1003,1622,0
"2016-03-06 23:00:00",1879,8.48,254.6,4.104,7.73,0,12.85,1003,1622,0
"2016-03-07 00:00:00",1880,10.19,253.7,3.612,9.34,0,12.82,1003,1622,0
"2016-03-07 01:00:00",1881,10.07,255,4.365,9.23,0,12.82,1003,1622,0
"2016-03-07 02:00:00",1882,11.54,259.1,5.139,10.6,0,12.8,1003,1622,0
"2016-03-07 03:00:00",1883,12.22,257.8,7.291,11.18,0,12.78,1003,1622,0
"2016-03-07 04:00:00",1884,9.92,265,4.765,9.14,0,12.75,1003,1622,0
"2016-03-07 05:00:00",1885,9.42,265.3,6.288,8.65,0,12.74,1003,1622,0
"2016-03-07 06:00:00",1886,8.37,262.4,7.973,7.643,0,12.7,1003,1622,0
"2016-03-07 07:00:00",1887,9.69,265.4,5.59,8.87,0,12.72,1003,1622,0
"2016-03-07 08:00:00",1888,8.84,248.2,7.162,8.03,0,12.85,1003,1622,0
"2016-03-07 09:00:00",1889,10.07,255.6,6.167,9.24,0,13.15,1003,1622,0
"2016-03-07 10:00:00",1890,8.16,257.3,4.67,7.445,0,13.54,1003,1622,0
"2016-03-07 11:00:00",1891,6.682,232.7,9.13,6.166,0,13.44,1003,1622,0.003
"2016-03-07 12:00:00",1892,10.26,255.1,5.51,9.49,4.244,13.33,1003,1622,0
"2016-03-07 13:00:00",1893,10.32,247,4.602,9.53,7.013,13.99,1003,1622,0
"2016-03-07 14:00:00",1894,9.75,245.4,4.749,8.98,6.686,14.41,1003,1622,0
"2016-03-07 15:00:00",1895,8.76,251.4,5.436,8.11,5.973,14.4,1003,1622,0
"2016-03-07 16:00:00",1896,10.49,248.4,5.015,9.67,7.051,14.01,1003,1622,0
"2016-03-07 17:00:00",1897,11.35,254.3,4.666,10.48,7.658,13.96,1003,1622,0
"2016-03-07 18:00:00",1898,11.96,254.6,4.975,11,7.998,13.27,1003,1622,0
"2016-03-07 19:00:00",1899,11.96,252.1,4.634,10.98,8.03,12.94,1003,1622,0
"2016-03-07 20:00:00",1900,11.88,260.1,4.39,10.89,7.822,12.91,1003,1622,0
"2016-03-07 21:00:00",1901,10.44,271.4,4.459,9.61,6.76,12.88,1003,1622,0
"2016-03-07 22:00:00",1902,8.46,269.2,4.202,7.774,5.498,12.86,1003,1622,0
"2016-03-07 23:00:00",1903,7.424,272.1,5.047,6.844,4.811,12.85,1003,1622,0
"2016-03-08 00:00:00",1904,6.994,287.6,8.31,6.456,4.431,12.82,1003,1622,0
"2016-03-08 01:00:00",1905,2.946,358.8,11.86,2.634,1.574,12.81,1003,1622,0
"2016-03-08 02:00:00",1906,2.074,70.67,20.49,1.823,0.472,12.78,1003,1622,0
"2016-03-08 03:00:00",1907,2.531,103,12.56,2.021,0.457,12.74,1003,1622,0
"2016-03-08 04:00:00",1908,2.72,112.4,16.28,2.256,0.844,12.71,1003,1622,0
"2016-03-08 05:00:00",1909,2.383,119.2,16.44,1.884,0.484,12.68,1003,1622,0
"2016-03-08 06:00:00",1910,1.948,129.7,30.04,1.652,0.115,12.63,1003,1622,0
"2016-03-08 07:00:00",1911,1.885,100.6,14.74,1.769,0.005,12.77,1003,1622,0
"2016-03-08 08:00:00",1912,1.655,216,38.37,1.544,0,13.74,1003,1622,0
"2016-03-08 09:00:00",1913,5.036,307.3,6.021,4.688,3.173,14.35,1003,1622,0
"2016-03-08 10:00:00",1914,5.307,302,5.36,5.016,3.455,14.32,1003,1622,0
"2016-03-08 11:00:00",1915,6.483,299.4,4.456,6.074,4.295,14.11,1003,1622,0
"2016-03-08 12:00:00",1916,6.752,282.1,3.879,6.265,4.52,13.83,1003,1622,0
"2016-03-08 13:00:00",1917,5.255,270.8,5.085,4.887,3.642,13.82,1003,1622,0
"2016-03-08 14:00:00",1918,5.651,270,5.449,5.212,3.847,13.81,1003,1622,0
"2016-03-08 15:00:00",1919,6.371,283.2,4.567,5.725,4.12,13.82,1003,1622,0
"2016-03-08 16:00:00",1920,6.215,283.9,6.146,5.547,3.961,13.81,1003,1622,0
"2016-03-08 17:00:00",1921,5.241,284.5,4.537,4.509,3.192,13.81,1003,1622,0
"2016-03-08 18:00:00",1922,4.782,294,4.851,3.86,2.595,13.39,1003,1622,0
"2016-03-08 19:00:00",1923,4.555,281.7,5.936,3.701,2.474,12.95,1003,1622,0
"2016-03-08 20:00:00",1924,5.991,263.6,4.301,5.174,3.626,12.94,1003,1622,0
"2016-03-08 21:00:00",1925,7.027,274,3.819,6.143,4.203,12.9,1003,1622,0
"2016-03-08 22:00:00",1926,6.825,273.2,4.722,5.967,4.106,12.89,1003,1622,0
"2016-03-08 23:00:00",1927,7.513,286.5,3.779,6.706,4.606,12.86,1003,1622,0
"2016-03-09 00:00:00",1928,7.449,282.1,4.2,6.698,4.643,12.86,1003,1622,0
"2016-03-09 01:00:00",1929,6.272,294.2,5.137,5.603,3.82,12.85,1003,1622,0
"2016-03-09 02:00:00",1930,3.354,324.9,7.705,2.881,1.795,12.82,1003,1622,0
"2016-03-09 03:00:00",1931,3.292,315.2,35.2,2.889,1.833,12.81,1003,1622,0
"2016-03-09 04:00:00",1932,3.225,13.47,18.1,2.761,1.706,12.78,1003,1622,0
"2016-03-09 05:00:00",1933,2.551,122.2,15.12,2.055,1.115,12.75,1003,1622,0
"2016-03-09 06:00:00",1934,2.803,127.1,16.37,2.317,1.311,12.71,1003,1622,0
"2016-03-09 07:00:00",1935,3.175,140.6,8.06,2.746,1.979,12.82,1003,1622,0
"2016-03-09 08:00:00",1936,3.351,143.7,8.15,3.219,2.496,13.69,1003,1622,0
"2016-03-09 09:00:00",1937,2.412,215,11.02,2.332,1.872,14.3,1003,1622,0
"2016-03-09 10:00:00",1938,2.042,290.3,8.23,1.993,1.513,14.22,1003,1622,0
"2016-03-09 11:00:00",1939,3.08,269,6.695,3.021,2.365,14.01,1003,1622,0
"2016-03-09 12:00:00",1940,3.175,280.2,6.672,3.117,2.454,13.76,1003,1622,0
"2016-03-09 13:00:00",1941,2.503,329.5,8.82,2.451,2.034,13.75,1003,1622,0
"2016-03-09 14:00:00",1942,2.264,271.9,7.468,2.216,1.814,13.75,1003,1622,0
"2016-03-09 15:00:00",1943,2.586,253.4,5.54,2.526,2.078,13.74,1003,1622,0
"2016-03-09 16:00:00",1944,2.627,251.9,5.582,2.539,2.048,13.75,1003,1622,0
"2016-03-09 17:00:00",1945,1.309,298,17.99,1.157,0.92,13.73,1003,1622,0
"2016-03-09 18:00:00",1946,1.359,20.92,11.1,1.174,0.513,13.2,1003,1622,0
"2016-03-09 19:00:00",1947,1.018,15.57,19.13,0.796,0.452,12.95,1003,1622,0
"2016-03-09 20:00:00",1948,2.353,63.4,8.85,1.695,0.852,12.93,1003,1622,0
"2016-03-09 21:00:00",1949,1.516,9.96,23.33,0.845,0.298,12.9,1003,1622,0
"2016-03-09 22:00:00",1950,1.947,119.9,36.5,1.592,0.771,12.87,1003,1622,0
"2016-03-09 23:00:00",1951,1.351,161.1,17.4,0.986,0.491,12.86,1003,1622,0
"2016-03-10 00:00:00",1952,1.752,188.2,15.55,1.387,0.606,12.84,1003,1622,0
"2016-03-10 01:00:00",1953,1.834,143.4,40.92,1.495,0.727,12.82,1003,1622,0
"2016-03-10 02:00:00",1954,1.773,98.8,15.06,1.225,0.471,12.8,1003,1622,0
"2016-03-10 03:00:00",1955,2.265,141.1,29.17,1.649,0.849,12.78,1003,1622,0
"2016-03-10 04:00:00",1956,2.795,124.5,13.13,2.262,1.281,12.74,1003,1622,0
"2016-03-10 05:00:00",1957,3.006,162.7,11.09,2.313,1.643,12.71,1003,1622,0
"2016-03-10 06:00:00",1958,2.646,143.3,24.29,2.175,1.399,12.7,1003,1622,0
"2016-03-10 07:00:00",1959,2.487,129.5,17.87,2.005,1.235,12.8,1003,1622,0
"2016-03-10 08:00:00",1960,2.089,99.2,9.18,1.989,1.108,13.72,1003,1622,0
"2016-03-10 09:00:00",1961,1.874,140.1,26.83,1.799,1.372,14.23,1003,1622,0
"2016-03-10 10:00:00",1962,2.033,253,10.67,1.975,1.64,14.13,1003,1622,0
"2016-03-10 11:00:00",1963,2.576,256.6,6.573,2.538,1.842,13.93,1003,1622,0
"2016-03-10 12:00:00",1964,1.805,258.5,8.77,1.779,1.515,13.57,1003,1622,0
"2016-03-10 13:00:00",1965,2.195,267.5,6.741,2.16,1.782,13.59,1003,1622,0
"2016-03-10 14:00:00",1966,2.341,284.8,5.173,2.293,1.899,13.62,1003,1622,0
"2016-03-10 15:00:00",1967,2.505,297.8,5.897,2.436,2.009,13.62,1003,1622,0
"2016-03-10 16:00:00",1968,1.866,312.7,23.84,1.845,1.575,13.62,1003,1622,0
"2016-03-10 17:00:00",1969,1.774,298.9,9.72,1.609,1.323,13.61,1003,1622,0
"2016-03-10 18:00:00",1970,1.326,278.3,11.27,0.912,0.473,13.25,1003,1622,0
"2016-03-10 19:00:00",1971,2.134,39.11,22.84,1.607,0.676,12.95,1003,1622,0
"2016-03-10 20:00:00",1972,2.955,85.2,7.829,1.935,0.83,12.92,1003,1622,0
"2016-03-10 21:00:00",1973,2.698,97.8,7.77,2.109,1.114,12.9,1003,1622,0
"2016-03-10 22:00:00",1974,2.322,108.6,7.599,1.888,1.041,12.86,1003,1622,0
"2016-03-10 23:00:00",1975,2.781,107.6,5.51,2.13,1.078,12.85,1003,1622,0
"2016-03-11 00:00:00",1976,3.177,125.4,5.198,2.417,1.471,12.84,1003,1622,0
"2016-03-11 01:00:00",1977,3.209,158.2,5.405,2.511,1.716,12.82,1003,1622,0
"2016-03-11 02:00:00",1978,2.521,127.3,20.57,2.172,1.248,12.8,1003,1622,0
"2016-03-11 03:00:00",1979,2.497,127.8,8.31,1.988,1.149,12.78,1003,1622,0
"2016-03-11 04:00:00",1980,1.871,144.1,33.09,1.506,0.867,12.75,1003,1622,0
"2016-03-11 05:00:00",1981,2.206,131.3,9.9,1.693,0.898,12.73,1003,1622,0
"2016-03-11 06:00:00",1982,1.75,113.3,21.76,1.412,0.696,12.71,1003,1622,0
"2016-03-11 07:00:00",1983,2.841,111.4,7.249,2.389,1.524,12.74,1003,1622,0
"2016-03-11 08:00:00",1984,3.573,144.3,7.037,3.229,2.477,13.13,1003,1622,0
"2016-03-11 09:00:00",1985,4.017,133.5,6.732,3.83,2.859,13.98,1003,1622,0
"2016-03-11 10:00:00",1986,3.964,149,8.44,3.795,2.949,14.2,1003,1622,0
"2016-03-11 11:00:00",1987,3.137,148.2,11.3,3.009,2.407,14.12,1003,1622,0
"2016-03-11 12:00:00",1988,2.642,143.1,13.85,2.511,1.997,13.82,1003,1622,0
"2016-03-11 13:00:00",1989,2.949,144.6,24.06,2.822,2.202,13.6,1003,1622,0
"2016-03-11 14:00:00",1990,5.049,287.3,8.75,4.684,3.563,13.57,1003,1622,0
"2016-03-11 15:00:00",1991,8.08,270.5,8.2,7.366,5.416,13.63,1003,1622,0.002
"2016-03-11 16:00:00",1992,5.969,265.6,7.515,5.368,4.031,13.71,1003,1622,0
"2016-03-11 17:00:00",1993,8.58,235.2,10.79,7.822,5.977,13.75,1003,1622,0.001
"2016-03-11 18:00:00",1994,10.3,218.3,5.023,9.36,7.197,13.17,1003,1622,0
"2016-03-11 19:00:00",1995,12.76,238.6,6.853,11.66,8.75,12.93,1003,1622,0.013
"2016-03-11 20:00:00",1996,14.46,259.7,4.581,13,4.523,12.91,1003,1622,0.001
"2016-03-11 21:00:00",1997,13.14,257.1,4.866,11.93,8.83,12.88,1003,1622,0
"2016-03-11 22:00:00",1998,12.06,270.2,5.519,11.09,8.53,12.86,1003,1622,0
"2016-03-11 23:00:00",1999,9.61,264.9,4.259,8.9,6.919,12.85,1003,1622,0
"2016-03-12 00:00:00",2000,11.56,264.1,4.905,10.63,8.29,12.82,1003,1622,0
"2016-03-12 01:00:00",2001,11.8,252.9,4.141,10.88,8.49,12.82,1003,1622,0
"2016-03-12 02:00:00",2002,11,246,4.425,10.13,7.996,12.79,1003,1622,0
"2016-03-12 03:00:00",2003,10.13,250.3,4.389,9.35,7.285,12.78,1003,1622,0
"2016-03-12 04:00:00",2004,8.95,253.7,7.133,8.23,6.333,12.74,1003,1622,0
"2016-03-12 05:00:00",2005,5.222,298.1,21.41,4.782,3.541,12.72,1003,1622,0
"2016-03-12 06:00:00",2006,3.2,347,22.13,2.893,1.928,12.7,1003,1622,0
"2016-03-12 07:00:00",2007,1.784,111.5,25.32,1.513,0.932,12.82,1003,1622,0
"2016-03-12 08:00:00",2008,5.373,264.3,10.7,4.964,3.803,13.67,1003,1622,0
"2016-03-12 09:00:00",2009,4.629,277.2,8.46,4.368,3.46,14.29,1003,1622,0
"2016-03-12 10:00:00",2010,3.273,306,9.34,3.179,2.582,14.28,1003,1622,0
"2016-03-12 11:00:00",2011,2.598,320.3,10.62,2.537,2.134,14.03,1003,1622,0
"2016-03-12 12:00:00",2012,2.275,326.9,12.46,2.225,1.843,13.79,1003,1622,0
"2016-03-12 13:00:00",2013,2.212,337.2,16.85,2.17,1.857,13.78,1003,1622,0
"2016-03-12 14:00:00",2014,1.893,312.5,16.98,1.831,1.585,13.78,1003,1622,0
"2016-03-12 15:00:00",2015,2.433,269.1,10.76,2.353,2.027,13.79,1003,1622,0
"2016-03-12 16:00:00",2016,2.535,262.7,8.29,2.462,2.106,13.8,1003,1622,0
"2016-03-12 17:00:00",2017,2.646,292.3,8.48,2.563,2.102,13.8,1003,1622,0
"2016-03-12 18:00:00",2018,2.904,296.6,6.309,2.757,2.109,13.32,1003,1622,0
"2016-03-12 19:00:00",2019,3.18,266.6,13.61,2.736,1.989,12.93,1003,1622,0
"2016-03-12 20:00:00",2020,4.573,252.9,9.61,4.125,3.078,12.92,1003,1622,0
"2016-03-12 21:00:00",2021,6.943,268.1,4.558,6.336,4.773,12.9,1003,1622,0
"2016-03-12 22:00:00",2022,6.848,268.8,3.771,6.255,4.662,12.87,1003,1622,0
"2016-03-12 23:00:00",2023,7.595,282,3.993,6.915,5.185,12.86,1003,1622,0
"2016-03-13 00:00:00",2024,7.295,281.2,4.691,6.66,4.978,12.85,1003,1622,0
"2016-03-13 01:00:00",2025,6.703,283.9,4.62,6.129,4.555,12.82,1003,1622,0
"2016-03-13 02:00:00",2026,6.418,286.3,4.287,5.888,4.358,12.82,1003,1622,0
"2016-03-13 03:00:00",2027,6.626,296.2,4.168,6.084,4.54,12.78,1003,1622,0
"2016-03-13 04:00:00",2028,6.793,305.8,4.021,6.249,4.678,12.76,1003,1622,0
"2016-03-13 05:00:00",2029,6.516,307.9,4.276,5.992,4.454,12.73,1003,1622,0
"2016-03-13 06:00:00",2030,3.925,330.2,31.87,3.592,2.699,12.7,1003,1622,0
"2016-03-13 07:00:00",2031,5.773,298.1,4.789,5.307,4.04,12.83,1003,1622,0
"2016-03-13 08:00:00",2032,5.387,292.2,4.762,4.966,3.84,13.64,1003,1622,0
"2016-03-13 09:00:00",2033,3.397,302.6,9.24,3.23,2.585,14.22,1003,1622,0
"2016-03-13 10:00:00",2034,3.057,296.3,11.92,2.974,2.504,14.25,1003,1622,0
"2016-03-13 11:00:00",2035,1.839,316.3,16.87,1.792,1.475,14,1003,1622,0
"2016-03-13 12:00:00",2036,2.202,311,10.05,2.193,1.864,13.76,1003,1622,0
"2016-03-13 13:00:00",2037,3.211,332,10.03,3.179,2.533,13.76,1003,1622,0
"2016-03-13 14:00:00",2038,3.121,339.5,13.64,3.103,2.498,13.75,1003,1622,0
"2016-03-13 15:00:00",2039,2.79,25.6,34.99,2.738,2.249,13.75,1003,1622,0
"2016-03-13 16:00:00",2040,2.01,188.2,22.36,1.938,1.615,13.75,1003,1622,0
"2016-03-13 17:00:00",2041,3.774,280.6,8.53,3.573,2.857,13.74,1003,1622,0
"2016-03-13 18:00:00",2042,8.17,253.5,6.317,7.51,5.85,13.29,1003,1622,0
"2016-03-13 19:00:00",2043,8.14,251.9,3.982,7.377,5.749,12.93,1003,1622,0
"2016-03-13 20:00:00",2044,10.11,255.2,5.632,9.24,7.201,12.91,1003,1622,0
"2016-03-13 21:00:00",2045,8.92,258,3.98,8.13,6.3,12.89,1003,1622,0
"2016-03-13 22:00:00",2046,7.675,255.8,4.723,6.973,5.392,12.86,1003,1622,0
"2016-03-13 23:00:00",2047,7.607,260.7,4.021,6.909,5.321,12.86,1003,1622,0
"2016-03-14 00:00:00",2048,8.24,266.9,5.641,7.51,5.784,12.84,1003,1622,0
"2016-03-14 01:00:00",2049,7.153,270.9,5.541,6.499,4.985,12.82,1003,1622,0
"2016-03-14 02:00:00",2050,7.829,272.3,4.51,7.114,5.47,12.81,1003,1622,0
"2016-03-14 03:00:00",2051,8.23,276,4.308,7.489,5.764,12.78,1003,1622,0
"2016-03-14 04:00:00",2052,7.813,285.8,4.252,7.106,5.456,12.76,1003,1622,0
"2016-03-14 05:00:00",2053,7.425,289.7,4.101,6.722,5.144,12.74,1003,1622,0
"2016-03-14 06:00:00",2054,7.325,288.5,4.569,6.648,5.09,12.71,1003,1622,0
"2016-03-14 07:00:00",2055,6.449,286.1,4.971,5.815,4.451,12.88,1003,1622,0
"2016-03-14 08:00:00",2056,3.901,284,12.04,3.418,2.666,13.63,1003,1622,0
"2016-03-14 09:00:00",2057,4.125,271.3,7.076,3.807,3.098,14.16,1003,1622,0
"2016-03-14 10:00:00",2058,2.333,287.4,11.74,2.269,1.97,14.16,1003,1622,0
"2016-03-14 11:00:00",2059,1.914,334,9.47,1.882,1.6,13.89,1003,1622,0
"2016-03-14 12:00:00",2060,2.11,325.9,14.19,2.07,1.748,13.64,1003,1622,0
"2016-03-14 13:00:00",2061,1.763,303.7,12.26,1.705,1.486,13.6,1003,1622,0
"2016-03-14 14:00:00",2062,1.898,313.7,22.95,1.865,1.583,13.62,1003,1622,0
"2016-03-14 15:00:00",2063,1.49,341.8,24.53,1.43,1.244,13.63,1003,1622,0
"2016-03-14 16:00:00",2064,1.715,330,24.83,1.659,1.437,13.62,1003,1622,0
"2016-03-14 17:00:00",2065,1.805,272.3,13.38,1.764,1.537,13.62,1003,1622,0
"2016-03-14 18:00:00",2066,2.493,225.5,16.64,2.299,1.928,13.23,1003,1622,0
"2016-03-14 19:00:00",2067,3.066,228.4,8.42,2.437,1.877,12.93,1003,1622,0
"2016-03-14 20:00:00",2068,4.73,284.2,5.038,4.047,3.079,12.91,1003,1622,0
"2016-03-14 21:00:00",2069,4.895,302.4,3.863,4.233,3.215,12.89,1003,1622,0
"2016-03-14 22:00:00",2070,3.879,327.8,9.59,3.355,2.394,12.85,1003,1622,0
"2016-03-14 23:00:00",2071,3.593,312.9,12.04,3.115,2.137,12.86,1003,1622,0
"2016-03-15 00:00:00",2072,2.803,294.8,18.03,2.401,1.693,12.83,1003,1622,0
"2016-03-15 01:00:00",2073,1.594,81.6,37.34,1.388,0.77,12.82,1003,1622,0
"2016-03-15 02:00:00",2074,2.105,116.4,7.448,1.696,1.059,12.8,1003,1622,0
"2016-03-15 03:00:00",2075,2.773,122.3,5.795,2.298,1.663,12.78,1003,1622,0
"2016-03-15 04:00:00",2076,2.714,124.9,9.75,2.207,1.384,12.74,1003,1622,0
"2016-03-15 05:00:00",2077,2.657,102.4,6.305,2.147,1.179,12.71,1003,1622,0
"2016-03-15 06:00:00",2078,2.021,94.2,7.248,1.532,0.666,12.7,1003,1622,0
"2016-03-15 07:00:00",2079,2.505,125.6,11.45,2.157,1.528,12.86,1003,1622,0
"2016-03-15 08:00:00",2080,2.732,152.5,8.34,2.669,1.721,13.68,1003,1622,0
"2016-03-15 09:00:00",2081,2.815,228.3,12.9,2.715,2.294,14.22,1003,1622,0
"2016-03-15 10:00:00",2082,2.427,277.6,10.31,2.373,2.025,14.19,1003,1622,0
"2016-03-15 11:00:00",2083,1.996,290.5,11.12,1.965,1.71,13.93,1003,1622,0
"2016-03-15 12:00:00",2084,2.437,285.7,7.995,2.382,0.058,13.72,1003,1622,0
"2016-03-15 13:00:00",2085,2.533,309.6,6.79,2.509,0.093,13.68,1003,1622,0
"2016-03-15 14:00:00",2086,2.846,295.3,5.717,2.838,0.379,13.66,1003,1622,0
"2016-03-15 15:00:00",2087,2.975,294,5.245,2.954,1.786,13.65,1003,1622,0
"2016-03-15 16:00:00",2088,3.057,284,5.248,2.951,2.494,13.65,1003,1622,0
"2016-03-15 17:00:00",2089,2.91,268.9,5.278,2.779,2.298,13.64,1003,1622,0
"2016-03-15 18:00:00",2090,2.393,279.7,13.9,2.088,1.647,13.31,1003,1622,0
"2016-03-15 19:00:00",2091,2.251,31.21,7.757,1.778,1.226,12.94,1003,1622,0
"2016-03-15 20:00:00",2092,2.621,41.73,5.443,2,1.487,12.92,1003,1622,0
"2016-03-15 21:00:00",2093,2.62,57.98,4.405,1.868,1.244,12.89,1003,1622,0
"2016-03-15 22:00:00",2094,2.967,59.36,6.205,2.17,1.31,12.87,1003,1622,0
"2016-03-15 23:00:00",2095,2.841,55.02,4.804,2.144,1.423,12.86,1003,1622,0
"2016-03-16 00:00:00",2096,1.793,103.2,45.92,1.381,0.924,12.84,1003,1622,0
"2016-03-16 01:00:00",2097,1.543,226,16.77,1.435,0.89,12.82,1003,1622,0
"2016-03-16 02:00:00",2098,1.272,198.6,26.91,1.176,0.409,12.8,1003,1622,0
"2016-03-16 03:00:00",2099,1.536,183.6,18.29,1.428,0.935,12.78,1003,1622,0
"2016-03-16 04:00:00",2100,1.656,176.7,17.89,1.62,1.016,12.74,1003,1622,0
"2016-03-16 05:00:00",2101,1.996,154.3,19.37,1.707,1,12.72,1003,1622,0
"2016-03-16 06:00:00",2102,2.614,148.3,9.24,2.037,1.351,12.71,1003,1622,0
"2016-03-16 07:00:00",2103,2.748,129.2,6.158,2.389,1.837,12.86,1003,1622,0
"2016-03-16 08:00:00",2104,2.582,142.8,7.919,2.527,2.078,13.72,1003,1622,0
"2016-03-16 09:00:00",2105,2.701,186.1,12.17,2.631,2.202,14.21,1003,1622,0
"2016-03-16 10:00:00",2106,3.384,238.2,6.242,3.365,2.87,14.13,1003,1622,0
"2016-03-16 11:00:00",2107,3.109,246,5.398,3.113,2.676,13.87,1003,1622,0
"2016-03-16 12:00:00",2108,2.897,259.4,6.05,2.871,2.458,13.64,1003,1622,0
"2016-03-16 13:00:00",2109,2.885,259.3,5.427,2.843,2.44,13.63,1003,1622,0
"2016-03-16 14:00:00",2110,3.979,242.8,4.769,3.835,3.26,13.6,1003,1622,0
"2016-03-16 15:00:00",2111,4.127,243.6,4.907,3.915,3.308,13.59,1003,1622,0
"2016-03-16 16:00:00",2112,3.931,244.2,4.793,3.611,3.06,13.59,1003,1622,0
"2016-03-16 17:00:00",2113,3.339,238.6,4.837,2.972,2.506,13.58,1003,1622,0
"2016-03-16 18:00:00",2114,2.503,250.8,4.594,1.884,1.54,13.28,1003,1622,0
"2016-03-16 19:00:00",2115,1.853,351.5,15.55,1.354,0.696,12.94,1003,1622,0
"2016-03-16 20:00:00",2116,2.366,59.63,4.482,1.579,0.866,12.92,1003,1622,0
"2016-03-16 21:00:00",2117,2.156,91,13.59,1.42,0.554,12.89,1003,1622,0
"2016-03-16 22:00:00",2118,2.302,145.9,9.95,1.589,0.856,12.86,1003,1622,0
"2016-03-16 23:00:00",2119,1.205,139.7,28.8,0.804,0.327,12.85,1003,1622,0
"2016-03-17 00:00:00",2120,1.821,123.8,7.323,1.473,0.496,12.82,1003,1622,0
"2016-03-17 01:00:00",2121,1.794,143.8,7.562,1.197,0.654,12.82,1003,1622,0
"2016-03-17 02:00:00",2122,1.049,179.5,14.28,0.771,0.221,12.78,1003,1622,0
"2016-03-17 03:00:00",2123,2.059,150,21.22,1.685,0.932,12.77,1003,1622,0
"2016-03-17 04:00:00",2124,2.528,148.3,6.103,1.993,1.118,12.74,1003,1622,0
"2016-03-17 05:00:00",2125,3.016,118.1,3.14,2.467,1.588,12.71,1003,1622,0
"2016-03-17 06:00:00",2126,2.941,124.4,4.388,2.395,1.636,12.7,1003,1622,0
