"TOA5","1003_Salton","CR6","2611","CR6.Std.03","CPU:1003_METandSF_WR Update_20151217.CR6","56809","Hour"
"TIMESTAMP","RECORD","WS6m_ms_S_WVT","WD_6m_D1_WVT","WD_6m_SD1_WVT","WS_2m_Avg","WS_0m_Avg","BattV_Avg","site","snstsnmbr","sensitpc_Tot"
"TS","RN","meters/second","Deg","Deg","meters/second","meters/second","Volts","","",""
"","","WVc","WVc","WVc","Avg","Avg","Avg","Smp","Smp","Tot"
"2015-12-19 16:00:00",0,1.335,282.5,60.84,1.124,0.806,13.91,1003,1622,0
"2015-12-19 17:00:00",1,1.239,282.1,26.39,1.043,0.653,13.54,1003,1622,0
"2015-12-19 18:00:00",2,2.013,162.1,26.21,1.772,1.021,13.09,1003,1622,0
"2015-12-19 19:00:00",3,2.801,160.2,5.71,1.857,0.909,13.02,1003,1622,0
"2015-12-19 20:00:00",4,3.161,112.7,22.15,2.476,1.389,12.99,1003,1622,0
"2015-12-19 21:00:00",5,3.48,150.7,17.92,2.818,1.823,12.97,1003,1622,0
"2015-12-19 22:00:00",6,3.416,106.7,32.78,2.807,1.496,12.94,1003,1622,0
"2015-12-19 23:00:00",7,3.473,96.9,13.37,2.767,1.334,12.94,1003,1622,0
"2015-12-20 00:00:00",8,2.378,108.8,25.38,2.082,1.158,12.91,1003,1622,0
"2015-12-20 01:00:00",9,4.647,289,11.32,3.91,2.632,12.89,1003,1622,0
"2015-12-20 02:00:00",10,2.596,95.8,27.05,2.121,1.255,12.87,1003,1622,0
"2015-12-20 03:00:00",11,3.214,141.4,27.23,2.509,1.608,12.86,1003,1622,0
"2015-12-20 04:00:00",12,2.035,110.5,58.45,1.807,1.225,12.83,1003,1622,0
"2015-12-20 05:00:00",13,2.437,102.7,39.14,2.134,1.23,12.82,1003,1622,0
"2015-12-20 06:00:00",14,2.321,121.4,19.76,1.949,1.036,12.8,1003,1622,0
"2015-12-20 07:00:00",15,7.509,259.64,4.325,6.48,4.323,12.81,1003,1622,0
"2015-12-20 08:00:00",16,7.571,249.55,4.43,6.651,4.577,13.97,1003,1622,0
"2015-12-20 09:00:00",17,5.889,261.1,5.767,5.204,3.662,14.45,1003,1622,0
"2015-12-20 10:00:00",18,3.659,290.3,5.954,3.387,2.533,14.05,1003,1622,0
"2015-12-20 11:00:00",19,3.615,309.4,6.826,3.497,2.675,13.9,1003,1622,0
"2015-12-20 12:00:00",20,3.708,321.4,6.578,3.63,2.76,13.88,1003,1622,0
"2015-12-20 13:00:00",21,3.404,326.1,5.886,3.343,2.593,13.88,1003,1622,0
"2015-12-20 14:00:00",22,2.781,289.7,5.755,2.708,2.111,13.88,1003,1622,0
"2015-12-20 15:00:00",23,2.267,290.9,5.619,2.213,1.735,13.91,1003,1622,0
"2015-12-20 16:00:00",24,1.801,282.5,11.47,1.661,1.249,13.95,1003,1622,0
"2015-12-20 17:00:00",25,1.741,167.6,15.56,1.414,0.811,13.47,1003,1622,0
"2015-12-20 18:00:00",26,1.212,94.4,12.11,0.785,0.188,13.05,1003,1622,0
"2015-12-20 19:00:00",27,1.264,40.3,16.02,0.764,0.203,13.01,1003,1622,0
"2015-12-20 20:00:00",28,1.789,102.8,14.99,1.202,0.667,12.97,1003,1622,0
"2015-12-20 21:00:00",29,2.038,195.83,9.12,1.313,0.552,12.94,1003,1622,0
"2015-12-20 22:00:00",30,1.395,148.5,13.46,1.36,0.566,12.94,1003,1622,0
"2015-12-20 23:00:00",31,2.455,73,8.11,1.782,0.86,12.9,1003,1622,0
"2015-12-21 00:00:00",32,1.828,86.3,11.9,1.307,0.453,12.89,1003,1622,0
"2015-12-21 01:00:00",33,2.653,131.9,7.828,2.104,1.137,12.86,1003,1622,0
"2015-12-21 02:00:00",34,2.219,155,11.62,1.644,0.811,12.84,1003,1622,0
"2015-12-21 03:00:00",35,2.478,117.6,8.92,1.934,0.875,12.82,1003,1622,0
"2015-12-21 04:00:00",36,3.049,127.6,4.794,2.295,1.415,12.81,1003,1622,0
"2015-12-21 05:00:00",37,2.794,102.6,5.662,2.062,0.815,12.78,1003,1622,0
"2015-12-21 06:00:00",38,2.066,119.7,12.11,1.484,0.599,12.77,1003,1622,0
"2015-12-21 07:00:00",39,1.764,86.2,10.8,1.08,0.336,12.78,1003,1622,0
"2015-12-21 08:00:00",40,3.207,159.9,7.711,2.833,2.136,14.09,1003,1622,0
"2015-12-21 09:00:00",41,3.334,179.2,8.2,3.165,2.444,14.6,1003,1622,0
"2015-12-21 10:00:00",42,2.169,214.54,15.45,2.049,1.652,14.09,1003,1622,0
"2015-12-21 11:00:00",43,2.139,281.1,10.48,2.089,1.675,13.97,1003,1622,0
"2015-12-21 12:00:00",44,2.872,312.7,7.775,2.814,2.201,13.96,1003,1622,0
"2015-12-21 13:00:00",45,2.514,324,9.59,2.466,1.976,13.92,1003,1622,0
"2015-12-21 14:00:00",46,1.773,282.8,11.36,1.724,1.449,13.88,1003,1622,0
"2015-12-21 15:00:00",47,2.159,256.98,5.658,2.12,1.688,13.88,1003,1622,0
"2015-12-21 16:00:00",48,1.973,271,7.61,1.805,1.347,13.94,1003,1622,0
"2015-12-21 17:00:00",49,2.027,278.9,7.428,1.518,0.773,13.54,1003,1622,0
"2015-12-21 18:00:00",50,1.52,319.1,14.67,0.94,0.374,13.07,1003,1622,0
"2015-12-21 19:00:00",51,2.027,54.2,11.09,1.285,0.444,13.01,1003,1622,0
"2015-12-21 20:00:00",52,2.098,91.8,10.66,1.39,0.562,12.98,1003,1622,0
"2015-12-21 21:00:00",53,2.199,93.3,6.995,1.534,0.8,12.96,1003,1622,0
"2015-12-21 22:00:00",54,2.259,152,7.872,1.678,0.868,12.94,1003,1622,0
"2015-12-21 23:00:00",55,2.181,144.3,15.16,1.524,0.844,12.93,1003,1622,0
"2015-12-22 00:00:00",56,2.112,130.7,11.44,1.409,0.537,12.9,1003,1622,0
"2015-12-22 01:00:00",57,2.229,90.5,14.89,1.685,0.917,12.88,1003,1622,0
"2015-12-22 02:00:00",58,2.411,119,17.24,1.8,0.958,12.86,1003,1622,0
"2015-12-22 03:00:00",59,3.227,117.1,10.21,2.654,1.575,12.84,1003,1622,0
"2015-12-22 04:00:00",60,3.705,86.6,8.72,3.058,1.556,12.82,1003,1622,0
"2015-12-22 05:00:00",61,3.516,107.7,10.65,2.896,1.572,12.81,1003,1622,0
"2015-12-22 06:00:00",62,2.859,104.8,15.96,2.302,1.334,12.78,1003,1622,0
"2015-12-22 07:00:00",63,3.988,113.5,9.85,3.428,1.948,12.78,1003,1622,0
"2015-12-22 08:00:00",64,4.392,129.5,7.052,3.944,2.675,12.97,1003,1622,0
"2015-12-22 09:00:00",65,4.775,115.6,9.74,4.354,2.628,13.99,1003,1622,0
"2015-12-22 10:00:00",66,3.829,135.4,15.74,3.611,2.55,14.42,1003,1622,0
"2015-12-22 11:00:00",67,5.263,170.5,8.47,4.885,3.668,14.01,1003,1622,0
"2015-12-22 12:00:00",68,3.263,275,17.83,2.862,2.141,13.88,1003,1622,0
"2015-12-22 13:00:00",69,2.559,313.6,20.43,2.211,1.652,13.87,1003,1622,0
"2015-12-22 14:00:00",70,2.291,340.1,13.69,2.043,1.561,13.88,1003,1622,0
"2015-12-22 15:00:00",71,2.733,323,16.08,2.378,1.762,13.87,1003,1622,0
"2015-12-22 16:00:00",72,1.668,155,29.58,1.4,0.752,13.87,1003,1622,0
"2015-12-22 17:00:00",73,1.634,218.6,32.16,1.493,0.936,13.38,1003,1622,0
"2015-12-22 18:00:00",74,2.545,206.07,15.94,2.094,1.28,13.06,1003,1622,0
"2015-12-22 19:00:00",75,5.67,257.6,5.893,4.576,3.031,13.01,1003,1622,0
"2015-12-22 20:00:00",76,8.69,255.33,4.348,7.424,5.025,13.01,1003,1622,0
"2015-12-22 21:00:00",77,10,256.54,4.4,8.72,5.908,12.98,1003,1622,0
"2015-12-22 22:00:00",78,9.43,252.86,4.414,8.19,5.552,12.97,1003,1622,0
"2015-12-22 23:00:00",79,7.672,265.5,4.781,6.579,4.429,12.94,1003,1622,0
"2015-12-23 00:00:00",80,8.21,257.05,6.346,7.058,4.824,12.93,1003,1622,0
"2015-12-23 01:00:00",81,6.698,252.54,9.37,5.639,3.857,12.92,1003,1622,0
"2015-12-23 02:00:00",82,6.552,260.5,6.96,5.415,3.621,12.89,1003,1622,0
"2015-12-23 03:00:00",83,3.384,248.02,11.83,2.623,1.602,12.88,1003,1622,0
"2015-12-23 04:00:00",84,2.657,189.06,27.75,2.128,1.211,12.85,1003,1622,0
"2015-12-23 05:00:00",85,1.833,75,39.57,1.524,0.812,12.84,1003,1622,0
"2015-12-23 06:00:00",86,1.993,81.6,20.65,1.654,0.891,12.82,1003,1622,0
"2015-12-23 07:00:00",87,2.365,107.1,27.53,2.037,1.136,12.83,1003,1622,0
"2015-12-23 08:00:00",88,2.407,299.3,24.57,2.014,1.297,13.93,1003,1622,0
"2015-12-23 09:00:00",89,2.051,251.26,32.16,1.887,1.411,14.39,1003,1622,0
"2015-12-23 10:00:00",90,1.919,304.3,21.27,1.804,1.467,14.05,1003,1622,0
"2015-12-23 11:00:00",91,6.132,257.36,15.29,5.467,3.929,13.8,1003,1622,0
"2015-12-23 12:00:00",92,3.489,279.9,8.72,3.215,2.448,13.79,1003,1622,0
"2015-12-23 13:00:00",93,1.691,286.7,10.68,1.65,1.39,13.76,1003,1622,0
"2015-12-23 14:00:00",94,1.085,281.8,20.22,1.102,0.978,13.75,1003,1622,0
"2015-12-23 15:00:00",95,1.369,246.04,34.63,1.243,1.051,13.74,1003,1622,0
"2015-12-23 16:00:00",96,3.06,239.97,9.14,2.628,1.955,13.76,1003,1622,0
"2015-12-23 17:00:00",97,3.668,240.19,8.77,2.757,1.846,13.56,1003,1622,0
"2015-12-23 18:00:00",98,6.837,255.83,4.021,5.751,3.896,13.07,1003,1622,0
"2015-12-23 19:00:00",99,7.389,257.57,3.835,6.295,4.264,13.01,1003,1622,0
"2015-12-23 20:00:00",100,6.457,248.78,4.133,5.463,3.74,12.99,1003,1622,0
"2015-12-23 21:00:00",101,5.33,230.93,4.731,4.479,3.122,12.97,1003,1622,0
"2015-12-23 22:00:00",102,6.628,243.35,5.261,5.641,3.88,12.95,1003,1622,0
"2015-12-23 23:00:00",103,4.482,316.5,10.18,3.867,2.683,12.93,1003,1622,0
"2015-12-24 00:00:00",104,2.476,65.8,44.05,2.149,1.386,12.93,1003,1622,0
"2015-12-24 01:00:00",105,2.542,15.3,16.65,1.924,1.144,12.9,1003,1622,0
"2015-12-24 02:00:00",106,1.488,123.3,31.29,1.206,0.626,12.88,1003,1622,0
"2015-12-24 03:00:00",107,1.795,213.07,34.54,1.489,0.871,12.85,1003,1622,0
"2015-12-24 04:00:00",108,2.334,72.1,25.12,2.132,1.144,12.85,1003,1622,0
"2015-12-24 05:00:00",109,3.307,112.5,14.07,2.686,1.564,12.82,1003,1622,0
"2015-12-24 06:00:00",110,2.851,81.6,7.281,2.166,1.059,12.82,1003,1622,0
"2015-12-24 07:00:00",111,2.854,84.5,5.589,1.942,0.762,12.82,1003,1622,0
"2015-12-24 08:00:00",112,2.2,122.5,10.16,1.744,1.185,13.94,1003,1622,0
"2015-12-24 09:00:00",113,2.696,116.5,11.99,2.554,1.574,14.5,1003,1622,0
"2015-12-24 10:00:00",114,3.054,125.3,10.28,2.917,2.055,14.04,1003,1622,0
"2015-12-24 11:00:00",115,2.122,215.49,22.81,2.045,1.637,13.86,1003,1622,0
"2015-12-24 12:00:00",116,2.616,247.81,7.393,2.582,2.039,13.85,1003,1622,0
"2015-12-24 13:00:00",117,3.08,251.61,8.26,3.041,2.353,13.83,1003,1622,0
"2015-12-24 14:00:00",118,2.204,283.9,10.25,2.157,1.736,13.83,1003,1622,0
"2015-12-24 15:00:00",119,1.443,337.4,11.83,1.415,1.216,13.86,1003,1622,0
"2015-12-24 16:00:00",120,1.425,4.09999999999999,22.75,1.289,0.959,13.89,1003,1622,0
"2015-12-24 17:00:00",121,1.451,63.2,19.05,1.284,0.713,13.5,1003,1622,0
"2015-12-24 18:00:00",122,2.896,157.3,6.953,2.287,1.306,13.06,1003,1622,0
"2015-12-24 19:00:00",123,4.619,235.43,14.4,3.868,2.547,13.01,1003,1622,0
"2015-12-24 20:00:00",124,7.341,244.26,4.227,6.334,4.344,12.98,1003,1622,0
"2015-12-24 21:00:00",125,9.16,243.89,4.947,7.984,5.479,12.97,1003,1622,0
"2015-12-24 22:00:00",126,8.92,247.05,5.736,7.824,5.304,12.95,1003,1622,0
"2015-12-24 23:00:00",127,11.1,252.66,4.928,9.8,6.627,12.94,1003,1622,0
"2015-12-25 00:00:00",128,11.85,257.28,6.821,10.45,7.019,12.93,1003,1622,0
"2015-12-25 01:00:00",129,7.659,239.42,11.39,6.721,4.591,12.9,1003,1622,0
"2015-12-25 02:00:00",130,4.11,213.28,11.48,3.607,2.471,12.89,1003,1622,0
"2015-12-25 03:00:00",131,2.981,180.181,30.65,2.697,1.931,12.86,1003,1622,0
"2015-12-25 04:00:00",132,2.844,104.8,46.5,2.573,1.796,12.85,1003,1622,0
"2015-12-25 05:00:00",133,2.191,72.3,29.58,1.822,1.107,12.82,1003,1622,0
"2015-12-25 06:00:00",134,5.047,263.4,28.43,4.339,2.874,12.82,1003,1622,0
"2015-12-25 07:00:00",135,4.27,330.5,33.69,3.631,2.392,12.82,1003,1622,0
"2015-12-25 08:00:00",136,2.153,66.4,9.83,1.674,1.005,13.87,1003,1622,0
"2015-12-25 09:00:00",137,1.652,85.1,31.6,1.562,1.049,14.43,1003,1622,0
"2015-12-25 10:00:00",138,4.21,278.6,6.404,3.894,2.785,13.99,1003,1622,0
"2015-12-25 11:00:00",139,4.282,284.1,7.265,4.033,2.942,13.88,1003,1622,0
"2015-12-25 12:00:00",140,2.807,276.4,14.87,2.694,2.063,13.86,1003,1622,0
"2015-12-25 13:00:00",141,2.023,318.3,12.55,1.946,1.59,13.83,1003,1622,0
"2015-12-25 14:00:00",142,1.618,267,16.98,1.557,1.299,13.8,1003,1622,0
"2015-12-25 15:00:00",143,1.704,260.1,7.863,1.651,1.383,13.83,1003,1622,0
"2015-12-25 16:00:00",144,1.242,267.1,6.678,1.167,0.91,13.87,1003,1622,0
"2015-12-25 17:00:00",145,1.827,323.8,9.13,1.496,0.691,13.64,1003,1622,0
"2015-12-25 18:00:00",146,3.444,20.8,8.85,2.866,1.985,13.07,1003,1622,0
"2015-12-25 19:00:00",147,3.002,19,28.16,2.685,1.827,13,1003,1622,0
"2015-12-25 20:00:00",148,2.933,355.8,46.49,2.545,1.681,12.98,1003,1622,0
"2015-12-25 21:00:00",149,8.88,358.8,7.197,8.01,5.621,12.96,1003,1622,0
"2015-12-25 22:00:00",150,6.806,331.2,8.37,6.011,4.09,12.93,1003,1622,0
"2015-12-25 23:00:00",151,10.09,341.9,7.234,8.95,6.138,12.94,1003,1622,0
"2015-12-26 00:00:00",152,10.09,344.1,6.233,8.92,6.145,12.92,1003,1622,0
"2015-12-26 01:00:00",153,10.36,344.1,6.159,9.21,6.369,12.9,1003,1622,0
"2015-12-26 02:00:00",154,10.31,339.8,6.803,9.14,6.28,12.88,1003,1622,0
"2015-12-26 03:00:00",155,10.71,340.3,5.228,9.49,6.498,12.86,1003,1622,0
"2015-12-26 04:00:00",156,11.49,338.3,5.314,10.21,7.028,12.84,1003,1622,0
"2015-12-26 05:00:00",157,9.68,341.8,5.706,8.57,5.888,12.82,1003,1622,0
"2015-12-26 06:00:00",158,10.79,325.5,6.173,9.67,6.625,12.82,1003,1622,0
"2015-12-26 07:00:00",159,12.24,346.7,5.141,10.99,7.626,12.82,1003,1622,0
"2015-12-26 08:00:00",160,12.46,355,5.543,11.33,7.959,13.96,1003,1622,0
"2015-12-26 09:00:00",161,12.71,350.7,5.646,11.51,8.08,14.54,1003,1622,0
"2015-12-26 10:00:00",162,12.04,350.2,6.253,10.9,7.676,14.14,1003,1622,0
"2015-12-26 11:00:00",163,12.91,351.9,5.82,11.79,8.33,14.04,1003,1622,0
"2015-12-26 12:00:00",164,13.16,352.7,5.381,12.01,8.47,14,1003,1622,0
"2015-12-26 13:00:00",165,12.23,345.8,5.887,11.05,7.754,13.97,1003,1622,0
"2015-12-26 14:00:00",166,12.52,353.8,7.342,11.45,8.1,13.97,1003,1622,0
"2015-12-26 15:00:00",167,12.45,353,6.555,11.32,7.973,13.98,1003,1622,0
"2015-12-26 16:00:00",168,12.41,347.9,6.687,11.18,7.799,14.01,1003,1622,0
"2015-12-26 17:00:00",169,11.6,341.1,6.061,10.29,7.071,13.75,1003,1622,0
"2015-12-26 18:00:00",170,10.8,341.8,6.169,9.51,6.522,13.08,1003,1622,0
"2015-12-26 19:00:00",171,10.86,346.1,5.33,9.64,6.684,13.01,1003,1622,0
"2015-12-26 20:00:00",172,11,349.1,5.96,9.83,6.822,12.98,1003,1622,0
"2015-12-26 21:00:00",173,11.26,348.1,5.128,10.04,6.957,12.97,1003,1622,0
"2015-12-26 22:00:00",174,10.03,348.4,5.081,8.94,6.218,12.94,1003,1622,0
"2015-12-26 23:00:00",175,10.31,346.1,4.89,9.15,6.327,12.94,1003,1622,0
"2015-12-27 00:00:00",176,7.824,345.8,4.898,6.815,4.689,12.91,1003,1622,0
"2015-12-27 01:00:00",177,6.373,359.9,8.2,5.525,3.791,12.89,1003,1622,0
"2015-12-27 02:00:00",178,4.298,346.6,7.639,3.619,2.32,12.86,1003,1622,0
"2015-12-27 03:00:00",179,3.948,340.5,7.803,3.267,2.011,12.85,1003,1622,0
"2015-12-27 04:00:00",180,5.466,344.8,7.14,4.651,3.084,12.82,1003,1622,0
"2015-12-27 05:00:00",181,6.419,333,7.176,5.511,3.674,12.8,1003,1622,0
"2015-12-27 06:00:00",182,4.083,35.3,13.99,3.33,1.976,12.78,1003,1622,0
"2015-12-27 07:00:00",183,1.63,191.34,35.7,1.632,0.922,12.8,1003,1622,0
"2015-12-27 08:00:00",184,2.76,152.6,12.58,2.168,1.456,14.08,1003,1622,0
"2015-12-27 09:00:00",185,3.15,153.8,12.62,2.898,2.182,14.56,1003,1622,0
"2015-12-27 10:00:00",186,2.832,182.517,14.56,2.688,2.085,14.08,1003,1622,0
"2015-12-27 11:00:00",187,3.505,251.63,7.82,3.433,2.568,13.98,1003,1622,0
"2015-12-27 12:00:00",188,3.917,256.48,5.401,3.815,2.822,13.96,1003,1622,0
"2015-12-27 13:00:00",189,3.692,258.94,5.2,3.604,2.68,13.95,1003,1622,0
"2015-12-27 14:00:00",190,2.919,245.56,9.17,2.817,2.164,13.94,1003,1622,0
"2015-12-27 15:00:00",191,3.59,228.27,6.82,3.418,2.537,13.96,1003,1622,0
"2015-12-27 16:00:00",192,3.719,234.6,4.009,3.37,2.417,13.98,1003,1622,0
"2015-12-27 17:00:00",193,2.691,234.94,4.906,1.992,1.142,13.7,1003,1622,0
"2015-12-27 18:00:00",194,1.048,177.9,27.41,0.847,0.275,13.07,1003,1622,0
"2015-12-27 19:00:00",195,2.772,86.3,5.843,1.773,0.59,12.99,1003,1622,0
"2015-12-27 20:00:00",196,1.974,103.5,8.01,1.437,0.348,12.96,1003,1622,0
"2015-12-27 21:00:00",197,2.014,112.3,7.137,1.469,0.609,12.94,1003,1622,0
"2015-12-27 22:00:00",198,1.731,126.5,6.986,1.264,0.384,12.91,1003,1622,0
"2015-12-27 23:00:00",199,2.475,124.9,6.246,1.835,0.872,12.89,1003,1622,0
"2015-12-28 00:00:00",200,2.85,134.6,2.4,2.095,1.185,12.86,1003,1622,0
"2015-12-28 01:00:00",201,2.436,126.1,3.833,1.795,0.848,12.84,1003,1622,0
"2015-12-28 02:00:00",202,1.695,172.4,19.35,1.044,0.475,12.82,1003,1622,0
"2015-12-28 03:00:00",203,1.764,174.9,4.552,1.313,0.474,12.78,1003,1622,0
"2015-12-28 04:00:00",204,1.825,146.1,11.13,1.597,0.601,12.75,1003,1622,0
"2015-12-28 05:00:00",205,2.59,126.6,13.61,1.967,0.946,12.72,1003,1622,0
"2015-12-28 06:00:00",206,2.324,118.3,8.12,1.638,0.83,12.7,1003,1622,0
"2015-12-28 07:00:00",207,2.471,137.3,11.82,1.804,1.085,12.71,1003,1622,0
"2015-12-28 08:00:00",208,2.395,159.3,10.25,2.164,1.65,13.84,1003,1622,0
"2015-12-28 09:00:00",209,2.173,159.1,12.15,2.061,1.629,14.76,1003,1622,0
"2015-12-28 10:00:00",210,1.259,140.1,19.6,1.161,0.882,14.44,1003,1622,0
"2015-12-28 11:00:00",211,1.18,351,42.49,1.127,0.929,14.11,1003,1622,0
"2015-12-28 12:00:00",212,1.94,293.1,11.37,1.877,1.526,14,1003,1622,0
"2015-12-28 13:00:00",213,2.324,280.1,10.61,2.248,1.792,13.97,1003,1622,0
"2015-12-28 14:00:00",214,2.047,291.8,10.02,1.972,1.575,13.97,1003,1622,0
"2015-12-28 15:00:00",215,2.246,261.1,7.024,2.194,1.712,13.97,1003,1622,0
"2015-12-28 16:00:00",216,2.629,246.8,6.591,2.475,1.809,14.02,1003,1622,0
"2015-12-28 17:00:00",217,1.784,249.61,8.21,1.388,0.709,13.63,1003,1622,0
"2015-12-28 18:00:00",218,1.414,70.2,22.24,1.181,0.588,13.08,1003,1622,0
"2015-12-28 19:00:00",219,2.54,61.1,8.36,1.959,1.13,13.01,1003,1622,0
"2015-12-28 20:00:00",220,2.178,71.1,10.25,1.58,0.84,12.97,1003,1622,0
"2015-12-28 21:00:00",221,1.733,129.7,28.8,1.367,0.943,12.95,1003,1622,0
"2015-12-28 22:00:00",222,2.355,150,7.08,1.858,1.282,12.94,1003,1622,0
"2015-12-28 23:00:00",223,2.3,41.1,18.51,1.931,1.223,12.93,1003,1622,0
"2015-12-29 00:00:00",224,5.143,11.3,9.53,4.61,3.19,12.9,1003,1622,0
"2015-12-29 01:00:00",225,3.193,50.2,21.35,2.856,1.851,12.88,1003,1622,0
"2015-12-29 02:00:00",226,4.464,341.1,8.4,3.914,2.641,12.86,1003,1622,0
"2015-12-29 03:00:00",227,5.046,329.2,3.924,4.391,2.878,12.82,1003,1622,0
"2015-12-29 04:00:00",228,4.148,344.3,8.62,3.508,2.252,12.8,1003,1622,0
"2015-12-29 05:00:00",229,4.725,336.8,12.19,4.04,2.672,12.79,1003,1622,0
"2015-12-29 06:00:00",230,2.854,59.3,29.14,2.434,1.473,12.78,1003,1622,0
"2015-12-29 07:00:00",231,2.429,82.5,43.68,2.154,1.37,12.78,1003,1622,0
"2015-12-29 08:00:00",232,2.465,137.1,26.73,2.378,1.61,13.9,1003,1622,0
"2015-12-29 09:00:00",233,1.918,49.3,50.27,1.783,1.297,14.54,1003,1622,0
"2015-12-29 10:00:00",234,2.407,123.8,26.53,2.255,1.62,14.13,1003,1622,0
"2015-12-29 11:00:00",235,2.031,252.31,25.48,1.989,1.593,13.93,1003,1622,0
"2015-12-29 12:00:00",236,3.964,248.65,5.375,3.861,2.846,13.93,1003,1622,0
"2015-12-29 13:00:00",237,3.511,246.74,6.389,3.422,2.572,13.94,1003,1622,0
"2015-12-29 14:00:00",238,3.775,238.53,5.051,3.649,2.707,13.94,1003,1622,0
"2015-12-29 15:00:00",239,3.15,242.11,5.245,3.002,2.252,13.94,1003,1622,0
"2015-12-29 16:00:00",240,3.344,236.9,4.511,2.919,2.118,13.96,1003,1622,0
"2015-12-29 17:00:00",241,1.505,233.1,10.46,1.049,0.373,13.75,1003,1622,0
"2015-12-29 18:00:00",242,2.177,81.9,14.46,1.835,0.71,13.08,1003,1622,0
"2015-12-29 19:00:00",243,2.705,114.9,5.26,1.922,0.827,13,1003,1622,0
"2015-12-29 20:00:00",244,2.989,105.6,2.702,2.15,0.927,12.97,1003,1622,0
"2015-12-29 21:00:00",245,3.023,98.7,4.325,2.039,0.795,12.94,1003,1622,0
"2015-12-29 22:00:00",246,2.214,75.9,9.37,1.581,0.637,12.93,1003,1622,0
"2015-12-29 23:00:00",247,1.834,99.9,9.6,1.424,0.478,12.9,1003,1622,0
"2015-12-30 00:00:00",248,2.519,107.7,4.768,1.813,0.851,12.88,1003,1622,0
"2015-12-30 01:00:00",249,2.382,115.9,13.06,1.733,0.726,12.86,1003,1622,0
"2015-12-30 02:00:00",250,1.978,162,14.16,1.559,0.831,12.83,1003,1622,0
"2015-12-30 03:00:00",251,1.777,148.7,7.222,1.169,0.288,12.81,1003,1622,0
"2015-12-30 04:00:00",252,1.593,143,11.9,1.223,0.359,12.79,1003,1622,0
"2015-12-30 05:00:00",253,1.501,147.6,8.52,1.33,0.357,12.75,1003,1622,0
"2015-12-30 06:00:00",254,1.737,165.9,11.65,1.599,0.645,12.73,1003,1622,0
"2015-12-30 07:00:00",255,2,149.1,9.62,1.596,0.629,12.72,1003,1622,0
"2015-12-30 08:00:00",256,2.27,126.5,4.909,1.996,1.181,13.98,1003,1622,0
"2015-12-30 09:00:00",257,2.735,137,6.111,2.662,1.971,14.7,1003,1622,0
"2015-12-30 10:00:00",258,2.668,137.8,9.38,2.57,1.947,14.23,1003,1622,0
"2015-12-30 11:00:00",259,1.985,137.5,19.88,1.867,1.433,14.03,1003,1622,0
"2015-12-30 12:00:00",260,1.909,277.8,19.01,1.845,1.497,13.95,1003,1622,0
"2015-12-30 13:00:00",261,2.36,289.9,8.12,2.285,1.796,13.95,1003,1622,0
"2015-12-30 14:00:00",262,2.572,267.6,7.199,2.509,1.923,13.95,1003,1622,0
"2015-12-30 15:00:00",263,2.627,280.8,5.551,2.56,1.929,13.95,1003,1622,0
"2015-12-30 16:00:00",264,2.389,298.5,4.736,2.219,1.63,13.97,1003,1622,0
"2015-12-30 17:00:00",265,1.445,329.4,7.2,1.174,0.371,13.75,1003,1622,0
"2015-12-30 18:00:00",266,1.981,18,3.985,1.567,0.508,13.09,1003,1622,0
"2015-12-30 19:00:00",267,2.869,28.5,5.846,2.223,1.175,13.01,1003,1622,0
"2015-12-30 20:00:00",268,2.173,57,3.08,1.472,0.404,12.97,1003,1622,0
"2015-12-30 21:00:00",269,1.86,69.3,6.369,1.151,0.341,12.94,1003,1622,0
"2015-12-30 22:00:00",270,0.851,53.5,39,0.646,0.298,12.93,1003,1622,0
"2015-12-30 23:00:00",271,1.136,206.41,13.38,1.028,0.383,12.9,1003,1622,0
"2015-12-31 00:00:00",272,2.139,165.4,6.577,1.822,0.732,12.88,1003,1622,0
"2015-12-31 01:00:00",273,1.889,113,18.44,1.463,0.393,12.86,1003,1622,0
"2015-12-31 02:00:00",274,1.91,104.6,7.271,1.444,0.551,12.82,1003,1622,0
"2015-12-31 03:00:00",275,2.896,140.1,9.1,2.279,1.182,12.8,1003,1622,0
"2015-12-31 04:00:00",276,2.774,138.1,8.28,2.228,1.158,12.77,1003,1622,0
"2015-12-31 05:00:00",277,2.657,128.5,7.127,2.009,1.056,12.74,1003,1622,0
"2015-12-31 06:00:00",278,1.932,139.5,20.32,1.613,0.557,12.71,1003,1622,0
"2015-12-31 07:00:00",279,2.715,121.4,10.18,2.015,0.953,12.71,1003,1622,0
"2015-12-31 08:00:00",280,3.446,140.2,8.17,2.938,2.028,13.82,1003,1622,0
"2015-12-31 09:00:00",281,2.764,185.007,9.8,2.614,1.96,14.68,1003,1622,0
"2015-12-31 10:00:00",282,2.984,231.4,7.981,2.875,2.137,14.21,1003,1622,0
"2015-12-31 11:00:00",283,3.729,240.87,5.878,3.601,2.631,14.04,1003,1622,0
"2015-12-31 12:00:00",284,4.286,243.49,4.799,4.122,2.984,13.98,1003,1622,0
"2015-12-31 13:00:00",285,4.233,248.22,5.212,4.02,2.933,13.95,1003,1622,0
"2015-12-31 14:00:00",286,4.218,268,5.628,3.841,2.754,13.94,1003,1622,0
"2015-12-31 15:00:00",287,4.194,268.5,4.184,3.691,2.622,13.95,1003,1622,0
"2015-12-31 16:00:00",288,3.3,257.52,4.306,2.716,1.915,13.97,1003,1622,0
"2015-12-31 17:00:00",289,2.911,283.6,5.8,2.161,1.215,13.77,1003,1622,0
"2015-12-31 18:00:00",290,2.578,359.1,16.15,1.882,0.918,13.1,1003,1622,0
"2015-12-31 19:00:00",291,3.393,60.2,5.932,2.435,1.007,13.01,1003,1622,0
"2015-12-31 20:00:00",292,1.624,73.8,30.38,1.009,0.475,12.98,1003,1622,0
"2015-12-31 21:00:00",293,3.009,196.79,10.45,2.2,1.197,12.95,1003,1622,0
"2015-12-31 22:00:00",294,3.005,184.116,11.11,2.317,1.207,12.93,1003,1622,0
"2015-12-31 23:00:00",295,2.805,127.3,11.22,2.096,0.925,12.91,1003,1622,0
"2016-01-01 00:00:00",296,2.725,167.6,13.37,2.043,1.111,12.88,1003,1622,0
"2016-01-01 01:00:00",297,2.963,174.7,12.87,2.16,1.224,12.86,1003,1622,0
"2016-01-01 02:00:00",298,3.399,170.6,12.95,2.533,1.493,12.84,1003,1622,0
"2016-01-01 03:00:00",299,2.154,147.9,20.12,1.592,0.849,12.82,1003,1622,0
"2016-01-01 04:00:00",300,2.874,136,20.74,2.22,1.296,12.78,1003,1622,0
"2016-01-01 05:00:00",301,3.027,139.3,16.16,2.581,1.524,12.75,1003,1622,0
"2016-01-01 06:00:00",302,3.216,142.8,11.81,2.457,1.5,12.73,1003,1622,0
"2016-01-01 07:00:00",303,2.999,148.9,18.1,2.416,1.449,12.72,1003,1622,0
"2016-01-01 08:00:00",304,2.652,124.4,7.429,2.283,1.459,14.02,1003,1622,0
"2016-01-01 09:00:00",305,2.747,145,8.11,2.651,1.951,14.7,1003,1622,0
"2016-01-01 10:00:00",306,2.33,184.963,11.31,2.202,1.705,14.21,1003,1622,0
"2016-01-01 11:00:00",307,2.81,230.81,15.28,2.671,2.016,14.01,1003,1622,0
"2016-01-01 12:00:00",308,3.402,244.96,5.743,3.311,2.459,13.95,1003,1622,0
"2016-01-01 13:00:00",309,3.021,265.2,5.689,2.963,2.188,13.95,1003,1622,0
"2016-01-01 14:00:00",310,2.991,260.2,5.464,2.913,2.152,13.94,1003,1622,0
"2016-01-01 15:00:00",311,3.335,238.13,4.562,3.208,2.351,13.96,1003,1622,0
"2016-01-01 16:00:00",312,2.757,223.07,5.454,2.553,1.776,13.96,1003,1622,0
"2016-01-01 17:00:00",313,2.008,213.47,3.656,1.53,0.523,13.77,1003,1622,0
"2016-01-01 18:00:00",314,2.031,20.1,31,1.597,0.641,13.1,1003,1622,0
"2016-01-01 19:00:00",315,2.472,43.8,8.87,1.837,0.776,13.01,1003,1622,0
"2016-01-01 20:00:00",316,2.088,106.2,12.1,1.535,0.515,12.98,1003,1622,0
"2016-01-01 21:00:00",317,1.867,88.3,6.439,1.186,0.325,12.94,1003,1622,0
"2016-01-01 22:00:00",318,2.309,118.3,6.434,1.721,0.719,12.93,1003,1622,0
"2016-01-01 23:00:00",319,1.937,190.82,10.98,1.656,0.791,12.9,1003,1622,0
"2016-01-02 00:00:00",320,1.804,162.4,6.965,1.153,0.386,12.88,1003,1622,0
"2016-01-02 01:00:00",321,1.578,141.1,15.39,1.396,0.38,12.86,1003,1622,0
"2016-01-02 02:00:00",322,2.029,101.5,5.475,1.762,0.398,12.83,1003,1622,0
"2016-01-02 03:00:00",323,1.637,93.2,9.23,1.267,0.304,12.81,1003,1622,0
"2016-01-02 04:00:00",324,2.088,151,4.752,1.778,0.696,12.78,1003,1622,0
"2016-01-02 05:00:00",325,2.44,123.7,5.987,1.881,0.681,12.74,1003,1622,0
"2016-01-02 06:00:00",326,2.895,128.6,4.17,2.091,1.107,12.71,1003,1622,0
"2016-01-02 07:00:00",327,3.192,135.5,3.516,2.266,1.295,12.72,1003,1622,0
"2016-01-02 08:00:00",328,2.656,137.8,5.475,2.163,1.44,13.96,1003,1622,0
"2016-01-02 09:00:00",329,2.249,134.9,11.42,2.172,1.573,14.69,1003,1622,0
"2016-01-02 10:00:00",330,1.761,147.4,14.33,1.657,1.228,14.31,1003,1622,0
"2016-01-02 11:00:00",331,1.55,274.6,15.08,1.5,1.198,13.99,1003,1622,0
"2016-01-02 12:00:00",332,1.99,306.8,9.77,1.927,1.545,13.95,1003,1622,0
"2016-01-02 13:00:00",333,2.64,295.5,6.659,2.565,1.956,13.95,1003,1622,0
"2016-01-02 14:00:00",334,2.304,285.1,7.153,2.235,1.713,13.95,1003,1622,0
"2016-01-02 15:00:00",335,1.789,294.7,7.991,1.736,1.392,13.94,1003,1622,0
"2016-01-02 16:00:00",336,1.787,308.1,5.605,1.541,1.168,13.95,1003,1622,0
"2016-01-02 17:00:00",337,1.428,309.8,16.55,0.846,0.3,13.73,1003,1622,0
"2016-01-02 18:00:00",338,0.762,114.3,16.76,0.941,0.209,13.09,1003,1622,0
"2016-01-02 19:00:00",339,1.739,87.7,7.007,1.354,0.241,13.01,1003,1622,0
"2016-01-02 20:00:00",340,1.644,130.1,11.05,1.101,0.12,12.98,1003,1622,0
"2016-01-02 21:00:00",341,0.97,170.6,12.31,0.959,0.167,12.94,1003,1622,0
"2016-01-02 22:00:00",342,1.045,126.3,17.68,0.787,0.229,12.94,1003,1622,0
"2016-01-02 23:00:00",343,1.499,147,14.85,1.35,0.423,12.9,1003,1622,0
"2016-01-03 00:00:00",344,2.175,117.1,7.495,1.64,0.802,12.89,1003,1622,0
"2016-01-03 01:00:00",345,1.915,157.9,6.567,1.492,0.693,12.86,1003,1622,0
"2016-01-03 02:00:00",346,2.022,124.7,6.117,1.451,0.443,12.85,1003,1622,0
"2016-01-03 03:00:00",347,2.066,132.8,8.12,1.583,0.745,12.82,1003,1622,0
"2016-01-03 04:00:00",348,2.25,120.4,4.703,1.67,0.768,12.81,1003,1622,0
"2016-01-03 05:00:00",349,2.664,128.9,12.24,2.054,1.159,12.78,1003,1622,0
"2016-01-03 06:00:00",350,2.204,163.3,10.02,1.641,0.946,12.75,1003,1622,0
"2016-01-03 07:00:00",351,2.45,121.2,8.31,1.859,0.895,12.75,1003,1622,0
"2016-01-03 08:00:00",352,2.683,109.9,6.498,2.314,1.261,13.39,1003,1622,0
"2016-01-03 09:00:00",353,2.025,107.7,8.94,1.927,1.091,14.53,1003,1622,0
"2016-01-03 10:00:00",354,1.826,155.9,14.54,1.73,1.347,14.32,1003,1622,0
"2016-01-03 11:00:00",355,2.217,239.52,24.22,2.176,1.687,13.95,1003,1622,0
"2016-01-03 12:00:00",356,1.866,297.9,9.16,1.801,1.434,13.92,1003,1622,0
"2016-01-03 13:00:00",357,1.72,323.1,10.74,1.665,1.35,13.9,1003,1622,0
"2016-01-03 14:00:00",358,2.505,301.3,7.226,2.441,1.849,13.9,1003,1622,0
"2016-01-03 15:00:00",359,2.268,325,5.324,2.228,1.692,13.95,1003,1622,0
"2016-01-03 16:00:00",360,2.069,338.1,3.238,1.887,1.233,13.97,1003,1622,0
"2016-01-03 17:00:00",361,2.263,3.09999999999999,4.823,1.83,0.939,13.59,1003,1622,0
"2016-01-03 18:00:00",362,2.16,45.5,5.64,1.421,0.423,13.07,1003,1622,0
"2016-01-03 19:00:00",363,1.942,128.8,8.58,1.545,0.626,13.01,1003,1622,0
"2016-01-03 20:00:00",364,1.933,95.4,8.77,1.449,0.522,12.97,1003,1622,0
"2016-01-03 21:00:00",365,1.477,181.442,23.04,1.245,0.583,12.95,1003,1622,0
"2016-01-03 22:00:00",366,2.204,202.98,8.42,1.453,0.675,12.93,1003,1622,0
"2016-01-03 23:00:00",367,2.054,119.6,14.69,1.632,0.698,12.93,1003,1622,0
"2016-01-04 00:00:00",368,2.314,96.2,14.4,1.769,0.906,12.9,1003,1622,0
"2016-01-04 01:00:00",369,2.581,123.9,6.733,1.941,1.135,12.88,1003,1622,0
"2016-01-04 02:00:00",370,2.479,142.9,20.1,2.008,1.322,12.86,1003,1622,0
"2016-01-04 03:00:00",371,2.12,168.3,19.36,1.813,1.287,12.85,1003,1622,0
"2016-01-04 04:00:00",372,2.515,129,14.6,2.122,1.308,12.82,1003,1622,0
"2016-01-04 05:00:00",373,3.675,104.5,8.28,3.114,1.577,12.81,1003,1622,0
"2016-01-04 06:00:00",374,2.579,101.8,8.74,2.104,0.958,12.78,1003,1622,0
"2016-01-04 07:00:00",375,1.653,52.2,12.24,1.224,0.68,12.78,1003,1622,0
"2016-01-04 08:00:00",376,1.923,48.3,7.89,1.531,1.087,12.89,1003,1622,0
"2016-01-04 09:00:00",377,1.919,72.6,9.02,1.762,1.085,13.8,1003,1622,0
"2016-01-04 10:00:00",378,1.933,29.2,14.21,1.855,1.385,14.51,1003,1622,0
"2016-01-04 11:00:00",379,1.919,311.4,12.46,1.863,1.461,14.44,1003,1622,0
"2016-01-04 12:00:00",380,2.321,248.89,8.8,2.275,1.734,14.18,1003,1622,0
"2016-01-04 13:00:00",381,3.059,245.56,4.593,2.956,2.171,14.07,1003,1622,0
"2016-01-04 14:00:00",382,2.43,246.35,12.86,2.351,1.796,14.05,1003,1622,0
"2016-01-04 15:00:00",383,1.248,19,29.84,1.205,0.948,13.97,1003,1622,0
"2016-01-04 16:00:00",384,1.824,305.2,17.57,1.748,1.36,13.97,1003,1622,0
"2016-01-04 17:00:00",385,1.78,216.02,8.77,1.455,0.908,13.59,1003,1622,0
"2016-01-04 18:00:00",386,0.617,231.11,8.33,0.294,0.066,13.07,1003,1622,0
"2016-01-04 19:00:00",387,1.089,72.6,10.01,1.107,0.572,13.01,1003,1622,0
"2016-01-04 20:00:00",388,1.011,86.3,7.971,0.772,0.42,12.98,1003,1622,0
"2016-01-04 21:00:00",389,1.103,60.3,18.42,0.999,0.61,12.96,1003,1622,0
"2016-01-04 22:00:00",390,1.727,81.9,11.66,1.476,0.788,12.94,1003,1622,0
"2016-01-04 23:00:00",391,1.979,173.2,10.16,1.725,1.271,12.93,1003,1622,0
"2016-01-05 00:00:00",392,1.059,194.96,4.511,0.787,0.484,12.92,1003,1622,0
"2016-01-05 01:00:00",393,1.61,91.5,19.89,1.34,0.725,12.89,1003,1622,0
"2016-01-05 02:00:00",394,2.132,88.5,7.299,1.812,0.932,12.87,1003,1622,0
"2016-01-05 03:00:00",395,2.058,110.2,7.558,1.626,0.779,12.85,1003,1622,0
"2016-01-05 04:00:00",396,1.582,143.6,11.9,1.275,0.469,12.83,1003,1622,0
"2016-01-05 05:00:00",397,1.683,199.13,18.62,1.339,0.857,12.82,1003,1622,0
"2016-01-05 06:00:00",398,1.857,157.6,12.73,1.676,1.235,12.81,1003,1622,0
"2016-01-05 07:00:00",399,1.817,126.9,15.51,1.702,1.144,12.79,1003,1622,0
"2016-01-05 08:00:00",400,1.225,343.8,23.76,1.187,0.877,12.84,1003,1622,0
"2016-01-05 09:00:00",401,2.054,65.9,10.31,1.946,1.22,13.12,1003,1622,0
"2016-01-05 10:00:00",402,2.751,128.6,8.31,2.588,1.797,13.63,1003,1622,0
"2016-01-05 11:00:00",403,3.113,138.7,8.01,2.939,2.126,13.95,1003,1622,0
"2016-01-05 12:00:00",404,2.92,137.6,7.126,2.79,2.031,14.28,1003,1622,0
"2016-01-05 13:00:00",405,3.325,149.6,10.58,3.139,2.266,14.42,1003,1622,0
"2016-01-05 14:00:00",406,2.069,156,11.12,1.973,1.509,14.34,1003,1622,0
"2016-01-05 15:00:00",407,1.706,172.2,16.06,1.63,1.288,13.67,1003,1622,0
"2016-01-05 16:00:00",408,2.726,162.1,38.02,2.449,1.809,13.31,1003,1622,0
"2016-01-05 17:00:00",409,3.904,144.6,7.764,3.499,2.484,13.13,1003,1622,0
"2016-01-05 18:00:00",410,6.474,129.3,6.596,5.822,3.992,13.02,1003,1622,0
"2016-01-05 19:00:00",411,6.597,136.3,7.576,5.958,4.246,13,1003,1622,0
"2016-01-05 20:00:00",412,2.97,228,29.29,2.69,1.996,12.97,1003,1622,0
"2016-01-05 21:00:00",413,3.437,212.19,8.53,3.127,2.421,12.94,1003,1622,0
"2016-01-05 22:00:00",414,2.66,33.9,35.62,2.411,1.836,12.93,1003,1622,0
"2016-01-05 23:00:00",415,1.532,195.05,46.26,1.49,1.026,12.91,1003,1622,0
"2016-01-06 00:00:00",416,1.302,79.4,45.94,1.16,0.811,12.88,1003,1622,0
"2016-01-06 01:00:00",417,4.42,259.44,20.01,3.926,2.883,12.86,1003,1622,0
"2016-01-06 02:00:00",418,2.34,95.4,27.11,2.007,1.254,12.83,1003,1622,0
"2016-01-06 03:00:00",419,1.521,103.4,43.2,1.449,0.867,12.81,1003,1622,0
"2016-01-06 04:00:00",420,2.173,272.9,50.15,1.803,1.196,12.79,1003,1622,0
"2016-01-06 05:00:00",421,6.685,278.3,6.861,5.993,4.346,12.78,1003,1622,0
"2016-01-06 06:00:00",422,6.525,267.5,5.71,5.774,4.169,12.78,1003,1622,0
"2016-01-06 07:00:00",423,6.295,264.5,7.615,5.57,4.027,12.78,1003,1622,0
"2016-01-06 08:00:00",424,4.912,277.7,15.12,4.37,3.16,13.73,1003,1622,0
"2016-01-06 09:00:00",425,4.071,245.08,11.05,3.603,2.742,14.43,1003,1622,0
"2016-01-06 10:00:00",426,6.947,214.41,5.799,6.405,4.938,14.17,1003,1622,0
"2016-01-06 11:00:00",427,6.367,210.79,5.956,5.95,4.61,13.95,1003,1622,0
"2016-01-06 12:00:00",428,4.633,207.36,9.99,4.349,3.458,13.92,1003,1622,0
"2016-01-06 13:00:00",429,4.449,188.81,16.06,4.184,3.342,13.87,1003,1622,0
"2016-01-06 14:00:00",430,2.201,179.9,26.27,2.058,1.675,13.86,1003,1622,0
"2016-01-06 15:00:00",431,3.058,157.6,16.07,2.898,2.317,13.86,1003,1622,0
"2016-01-06 16:00:00",432,6.045,189.76,12.04,5.583,4.33,13.83,1003,1622,0
"2016-01-06 17:00:00",433,5.829,230.17,6.915,5.16,3.903,13.18,1003,1622,0
"2016-01-06 18:00:00",434,6.972,281.4,4.86,6.359,4.687,13.03,1003,1622,0
"2016-01-06 19:00:00",435,2.703,117.1,24.83,2.449,1.472,13,1003,1622,0
"2016-01-06 20:00:00",436,3.689,81.6,8.14,3.326,1.876,12.97,1003,1622,0
"2016-01-06 21:00:00",437,3.555,142.9,8.83,3.153,2.328,12.94,1003,1622,0
"2016-01-06 22:00:00",438,4.576,167.1,6.089,4.117,3.202,12.93,1003,1622,0
"2016-01-06 23:00:00",439,5.832,157.8,5.437,5.298,4.13,12.92,1003,1622,0
"2016-01-07 00:00:00",440,3.741,140.3,8.62,3.341,2.5,12.9,1003,1622,0
"2016-01-07 01:00:00",441,4.487,158.7,8.46,4.008,3.042,12.88,1003,1622,0
"2016-01-07 02:00:00",442,2.86,134.9,40.69,2.61,1.963,12.86,1003,1622,0
"2016-01-07 03:00:00",443,2.251,75.6,35.78,2.047,1.208,12.85,1003,1622,0
"2016-01-07 04:00:00",444,3.528,99.3,5.992,3.118,1.434,12.82,1003,1622,0
"2016-01-07 05:00:00",445,2.798,112.4,15.22,2.482,1.428,12.82,1003,1622,0
"2016-01-07 06:00:00",446,3.837,200.5,8.94,3.421,2.672,12.8,1003,1622,0
"2016-01-07 07:00:00",447,3.571,186.962,11.72,3.206,2.544,12.78,1003,1622,0
"2016-01-07 08:00:00",448,2.201,162.6,22.23,1.959,1.327,12.85,1003,1622,0
"2016-01-07 09:00:00",449,1.896,328.1,26.82,1.702,1.255,13.3,1003,1622,0
"2016-01-07 10:00:00",450,1.869,294.2,33.94,1.759,1.407,14.42,1003,1622,0
"2016-01-07 11:00:00",451,2.746,189.77,11.73,2.613,2.177,14.35,1003,1622,0
"2016-01-07 12:00:00",452,3.461,173.1,8.43,3.29,2.691,14.07,1003,1622,0
"2016-01-07 13:00:00",453,2.462,63.3,43.61,2.355,1.712,14.07,1003,1622,0
"2016-01-07 14:00:00",454,3.152,84.7,10.92,3.035,2.014,14.06,1003,1622,0
"2016-01-07 15:00:00",455,2.686,200.44,19.15,2.547,2.052,13.99,1003,1622,0
"2016-01-07 16:00:00",456,2.442,292.8,19.47,2.309,1.856,14,1003,1622,0
"2016-01-07 17:00:00",457,1.635,59.8,13.54,1.476,0.892,13.64,1003,1622,0
"2016-01-07 18:00:00",458,3.191,237.95,19.29,2.593,1.875,13.08,1003,1622,0
"2016-01-07 19:00:00",459,5.363,255.59,4.75,4.704,3.429,13.01,1003,1622,0
"2016-01-07 20:00:00",460,6.24,270.2,5.63,5.615,4.106,12.98,1003,1622,0
"2016-01-07 21:00:00",461,6.04,276,5.091,5.469,3.988,12.97,1003,1622,0
"2016-01-07 22:00:00",462,4.206,301.6,7.615,3.761,2.68,12.94,1003,1622,0
"2016-01-07 23:00:00",463,2.278,42.6,16.69,1.986,1.303,12.93,1003,1622,0
"2016-01-08 00:00:00",464,2.259,84.7,11.63,1.821,1.072,12.9,1003,1622,0
"2016-01-08 01:00:00",465,2.372,105.5,12.65,1.827,0.953,12.88,1003,1622,0
"2016-01-08 02:00:00",466,2.672,121.4,11.4,2.197,1.477,12.86,1003,1622,0
"2016-01-08 03:00:00",467,2.751,111.3,10.59,2.255,1.277,12.82,1003,1622,0
"2016-01-08 04:00:00",468,2.879,138.8,11.31,2.363,1.65,12.81,1003,1622,0
"2016-01-08 05:00:00",469,2.355,108.2,7.505,1.893,1.008,12.78,1003,1622,0
"2016-01-08 06:00:00",470,2.548,105.5,6.275,2.007,0.972,12.76,1003,1622,0
"2016-01-08 07:00:00",471,2.107,131.9,22.93,1.613,0.881,12.75,1003,1622,0
"2016-01-08 08:00:00",472,2.313,111.5,18.3,2.057,1.194,13.87,1003,1622,0
"2016-01-08 09:00:00",473,2.158,139.7,13.66,2.094,1.603,14.63,1003,1622,0
"2016-01-08 10:00:00",474,1.911,156.2,18,1.826,1.49,14.22,1003,1622,0
"2016-01-08 11:00:00",475,2.48,247.46,8.21,2.443,2.07,14,1003,1622,0
"2016-01-08 12:00:00",476,1.789,305.5,20.9,1.708,1.503,13.95,1003,1622,0
"2016-01-08 13:00:00",477,1.465,340.7,34.33,1.358,1.218,13.92,1003,1622,0
"2016-01-08 14:00:00",478,1.501,308.2,37.36,1.408,1.266,13.91,1003,1622,0
"2016-01-08 15:00:00",479,1.23,269.7,27.55,1.142,1.052,13.94,1003,1622,0
"2016-01-08 16:00:00",480,1.014,346.7,18.74,0.889,0.825,13.95,1003,1622,0
"2016-01-08 17:00:00",481,1.662,66.4,13.88,1.511,1.098,13.74,1003,1622,0
"2016-01-08 18:00:00",482,1.5,176.8,27.71,1.239,0.729,13.1,1003,1622,0
"2016-01-08 19:00:00",483,1.584,120.4,16.81,1.262,0.682,13.02,1003,1622,0
"2016-01-08 20:00:00",484,1.367,7.30000000000001,43.12,1.05,0.6,12.99,1003,1622,0
"2016-01-08 21:00:00",485,1.897,116.1,18.8,1.477,0.891,12.96,1003,1622,0
"2016-01-08 22:00:00",486,1.878,159.3,8.28,1.3,0.691,12.94,1003,1622,0
"2016-01-08 23:00:00",487,1.82,124,17.47,1.299,0.773,12.92,1003,1622,0
"2016-01-09 00:00:00",488,2.402,135.8,11,1.887,1.119,12.9,1003,1622,0
"2016-01-09 01:00:00",489,2.517,131.2,10.5,2.007,1.323,12.87,1003,1622,0
"2016-01-09 02:00:00",490,2.416,120.4,7.043,1.903,1.18,12.86,1003,1622,0
"2016-01-09 03:00:00",491,1.495,117.9,11.51,1.1,0.539,12.82,1003,1622,0
"2016-01-09 04:00:00",492,1.64,147,17.33,1.134,0.7,12.81,1003,1622,0
"2016-01-09 05:00:00",493,1.851,125.4,13.37,1.415,0.587,12.78,1003,1622,0
"2016-01-09 06:00:00",494,2.35,138.3,7.038,1.853,1.234,12.75,1003,1622,0
"2016-01-09 07:00:00",495,2.624,125.4,7.078,2.122,1.407,12.75,1003,1622,0
"2016-01-09 08:00:00",496,3.138,128.2,4.215,2.871,2.156,13.87,1003,1622,0
"2016-01-09 09:00:00",497,3.196,133.5,5.648,3.108,2.379,14.66,1003,1622,0
"2016-01-09 10:00:00",498,2.253,138.7,9.72,2.174,1.755,14.25,1003,1622,0
"2016-01-09 11:00:00",499,1.65,144.1,21.16,1.536,1.276,13.99,1003,1622,0
"2016-01-09 12:00:00",500,2.025,155.8,15.59,1.902,1.631,13.92,1003,1622,0
"2016-01-09 13:00:00",501,2.287,258.41,16.04,2.238,1.904,13.9,1003,1622,0
"2016-01-09 14:00:00",502,2.036,296.6,9.42,1.992,1.733,13.91,1003,1622,0
"2016-01-09 15:00:00",503,1.963,304.1,9.3,1.94,1.684,13.92,1003,1622,0
"2016-01-09 16:00:00",504,2.001,307.2,7.441,1.941,1.676,13.96,1003,1622,0
"2016-01-09 17:00:00",505,2.3,307.5,4.604,2.133,1.748,13.74,1003,1622,0
"2016-01-09 18:00:00",506,2.126,350.3,7.462,1.895,1.531,13.09,1003,1622,0
"2016-01-09 19:00:00",507,1.529,18.3,11.31,1.145,0.86,13.02,1003,1622,0
"2016-01-09 20:00:00",508,1.514,57.8,9.36,0.975,0.382,12.99,1003,1622,0
"2016-01-09 21:00:00",509,2.058,119.3,6.988,1.43,0.786,12.97,1003,1622,0
"2016-01-09 22:00:00",510,1.14,103.6,17.62,0.773,0.362,12.94,1003,1622,0
"2016-01-09 23:00:00",511,1.773,125.4,8.13,0.013,0.976,12.93,1003,1622,0
"2016-01-10 00:00:00",512,1.806,85.8,10.43,0.018,0.633,12.9,1003,1622,0
"2016-01-10 01:00:00",513,2.204,85,8.72,0.943,0.886,12.89,1003,1622,0
"2016-01-10 02:00:00",514,2.137,99.9,5.924,1.62,0.739,12.86,1003,1622,0
"2016-01-10 03:00:00",515,1.385,78.3,16.64,0.97,0.498,12.85,1003,1622,0
"2016-01-10 04:00:00",516,1.799,120.8,10.53,1.362,0.729,12.82,1003,1622,0
"2016-01-10 05:00:00",517,0.807,194.2,31.02,0.095,0.395,12.81,1003,1622,0
"2016-01-10 06:00:00",518,0.907,72.9,10.85,0.56,0.432,12.78,1003,1622,0
"2016-01-10 07:00:00",519,1.956,59.7,9.94,1.517,0.939,12.78,1003,1622,0
"2016-01-10 08:00:00",520,2.021,59.6,12.78,1.705,1.255,12.98,1003,1622,0
"2016-01-10 09:00:00",521,2.235,112.6,18.84,2.089,1.488,14.36,1003,1622,0
"2016-01-10 10:00:00",522,2.232,134.4,16.15,2.091,1.609,14.36,1003,1622,0
"2016-01-10 11:00:00",523,1.637,176.4,22.84,1.493,1.33,13.95,1003,1622,0
"2016-01-10 12:00:00",524,3.211,268.7,7.795,3.115,2.578,13.9,1003,1622,0
"2016-01-10 13:00:00",525,3.204,305.2,6.631,3.106,2.612,13.89,1003,1622,0
"2016-01-10 14:00:00",526,2.787,319.2,7.133,2.692,2.306,13.9,1003,1622,0
"2016-01-10 15:00:00",527,3.699,295.2,5.198,3.539,2.838,13.94,1003,1622,0
"2016-01-10 16:00:00",528,4.227,324.6,5.095,3.996,3.17,13.86,1003,1622,0
"2016-01-10 17:00:00",529,2.819,310.5,4.773,2.65,2.088,13.18,1003,1622,0
"2016-01-10 18:00:00",530,2.164,343.8,12.19,1.973,1.554,13.03,1003,1622,0
"2016-01-10 19:00:00",531,1.684,28.7,10.89,1.34,0.997,13.01,1003,1622,0
"2016-01-10 20:00:00",532,2.325,57.7,5.461,1.682,1.014,12.97,1003,1622,0
"2016-01-10 21:00:00",533,3.092,59.2,5.785,2.383,1.572,12.95,1003,1622,0
"2016-01-10 22:00:00",534,2.611,65.9,11.47,1.838,0.887,12.94,1003,1622,0
"2016-01-10 23:00:00",535,1.346,241.6,39.32,1.248,0.852,12.92,1003,1622,0
"2016-01-11 00:00:00",536,2.418,241.57,17.29,2.049,1.31,12.89,1003,1622,0
"2016-01-11 01:00:00",537,3.284,304.4,20.9,2.749,1.824,12.87,1003,1622,0
"2016-01-11 02:00:00",538,3.636,6,11.23,3.13,2.254,12.85,1003,1622,0
"2016-01-11 03:00:00",539,2.098,83.5,18.03,1.779,0.964,12.83,1003,1622,0
"2016-01-11 04:00:00",540,2.044,170.2,17.72,1.415,0.818,12.82,1003,1622,0
"2016-01-11 05:00:00",541,1.451,157.3,19.67,1.3,0.536,12.79,1003,1622,0
"2016-01-11 06:00:00",542,2.24,95,25.43,1.81,0.991,12.77,1003,1622,0
"2016-01-11 07:00:00",543,2.489,112.8,13.52,2.003,1.35,12.77,1003,1622,0
"2016-01-11 08:00:00",544,2.76,172,15.13,2.393,1.846,13.75,1003,1622,0
"2016-01-11 09:00:00",545,2.168,157,13.21,2.036,1.685,14.54,1003,1622,0
"2016-01-11 10:00:00",546,2.148,218.63,16.5,2.032,1.713,14.13,1003,1622,0
"2016-01-11 11:00:00",547,2.268,263.2,11.6,2.184,1.867,13.94,1003,1622,0
"2016-01-11 12:00:00",548,3.249,256,7.482,3.161,2.606,13.9,1003,1622,0
"2016-01-11 13:00:00",549,3.767,249,6.119,3.661,2.98,13.9,1003,1622,0
"2016-01-11 14:00:00",550,3.864,246.75,5.825,3.737,3.016,13.91,1003,1622,0
"2016-01-11 15:00:00",551,3.253,250.56,5.709,3.116,2.54,13.91,1003,1622,0
"2016-01-11 16:00:00",552,2.162,258.57,7.819,2.045,1.723,13.92,1003,1622,0
"2016-01-11 17:00:00",553,1.576,241.56,8.96,1.382,0.951,13.71,1003,1622,0
"2016-01-11 18:00:00",554,1.962,232.91,9.84,1.621,1.015,13.09,1003,1622,0
"2016-01-11 19:00:00",555,1.551,178.9,15.38,1.218,0.53,13.01,1003,1622,0
"2016-01-11 20:00:00",556,1.895,137.5,10.79,1.452,0.609,12.98,1003,1622,0
"2016-01-11 21:00:00",557,2.221,124.1,8.68,1.661,0.862,12.95,1003,1622,0
"2016-01-11 22:00:00",558,2.338,135.1,8.52,1.851,1.069,12.94,1003,1622,0
"2016-01-11 23:00:00",559,2.383,132,6.572,1.805,1.08,12.91,1003,1622,0
"2016-01-12 00:00:00",560,2.097,134.3,6.255,1.624,0.892,12.89,1003,1622,0
"2016-01-12 01:00:00",561,2.343,165.7,11.49,1.624,1.016,12.86,1003,1622,0
"2016-01-12 02:00:00",562,2.381,148.8,7.064,1.841,0.975,12.85,1003,1622,0
"2016-01-12 03:00:00",563,2.161,124.2,6.925,1.701,0.848,12.82,1003,1622,0
"2016-01-12 04:00:00",564,2.296,127.3,8.48,1.85,0.996,12.8,1003,1622,0
"2016-01-12 05:00:00",565,2.536,126.8,6.156,2.016,1.142,12.78,1003,1622,0
"2016-01-12 06:00:00",566,2.871,126.5,5.742,2.337,1.528,12.75,1003,1622,0
"2016-01-12 07:00:00",567,2.485,124.8,11.65,1.997,1.147,12.75,1003,1622,0
"2016-01-12 08:00:00",568,2.236,113.3,20.41,1.917,1.239,13.89,1003,1622,0
"2016-01-12 09:00:00",569,1.262,90.6,33.79,1.186,0.852,14.6,1003,1622,0
"2016-01-12 10:00:00",570,1.446,159.2,19.3,1.345,1.174,14.12,1003,1622,0
"2016-01-12 11:00:00",571,1.345,282.9,16.69,1.252,1.112,13.92,1003,1622,0
"2016-01-12 12:00:00",572,1.7,289.3,11.84,1.61,1.42,13.87,1003,1622,0
"2016-01-12 13:00:00",573,2.439,263.2,9.34,2.319,1.96,13.88,1003,1622,0
"2016-01-12 14:00:00",574,2.083,278.9,9.36,1.987,1.713,13.91,1003,1622,0
"2016-01-12 15:00:00",575,1.413,316,12.82,1.348,1.211,13.9,1003,1622,0
"2016-01-12 16:00:00",576,1.384,330.6,12.82,1.313,1.151,13.88,1003,1622,0
"2016-01-12 17:00:00",577,2.606,357,5.109,2.346,1.752,13.82,1003,1622,0
"2016-01-12 18:00:00",578,2.392,28.4,3.845,1.778,0.963,13.12,1003,1622,0
"2016-01-12 19:00:00",579,1.928,57.1,12.55,1.241,0.367,13.02,1003,1622,0
"2016-01-12 20:00:00",580,1.994,77.6,6.999,1.253,0.375,12.98,1003,1622,0
"2016-01-12 21:00:00",581,2.375,121.8,10.35,1.721,0.989,12.95,1003,1622,0
"2016-01-12 22:00:00",582,0.925,20.4,44.08,1.033,0.56,12.94,1003,1622,0
"2016-01-12 23:00:00",583,1.697,149.8,16.74,1.283,0.562,12.91,1003,1622,0
"2016-01-13 00:00:00",584,1.362,155.7,17.61,1.184,0.378,12.89,1003,1622,0
"2016-01-13 01:00:00",585,1.677,92.1,6.937,1.436,0.496,12.86,1003,1622,0
"2016-01-13 02:00:00",586,1.82,116.1,10.64,1.385,0.474,12.84,1003,1622,0
"2016-01-13 03:00:00",587,1.787,93.2,12.32,1.263,0.399,12.82,1003,1622,0
"2016-01-13 04:00:00",588,1.996,144.2,7.098,1.534,0.613,12.79,1003,1622,0
"2016-01-13 05:00:00",589,2.111,140.1,11.43,1.644,0.76,12.77,1003,1622,0
"2016-01-13 06:00:00",590,2.194,131.2,7.725,1.636,0.663,12.74,1003,1622,0
"2016-01-13 07:00:00",591,2.758,137.7,7.3,2.157,1.394,12.73,1003,1622,0
"2016-01-13 08:00:00",592,1.756,128.9,15.47,1.457,0.769,13.93,1003,1622,0
"2016-01-13 09:00:00",593,2.253,123.8,6.01,2.171,1.664,14.63,1003,1622,0
"2016-01-13 10:00:00",594,1.905,180.241,14.28,1.795,1.544,14.18,1003,1622,0
"2016-01-13 11:00:00",595,1.779,258.82,12.9,1.686,1.448,13.95,1003,1622,0
"2016-01-13 12:00:00",596,2.461,267,7.628,2.354,1.97,13.92,1003,1622,0
"2016-01-13 13:00:00",597,3.151,273.1,6.163,3.041,2.449,13.93,1003,1622,0
"2016-01-13 14:00:00",598,2.563,291.9,7.347,2.454,2.019,13.95,1003,1622,0
"2016-01-13 15:00:00",599,2.526,260.6,6.922,2.423,1.976,13.96,1003,1622,0
"2016-01-13 16:00:00",600,1.973,293.6,6.672,1.822,1.494,14,1003,1622,0
"2016-01-13 17:00:00",601,1.592,333.2,8.55,1.364,0.977,13.94,1003,1622,0
"2016-01-13 18:00:00",602,1.345,47,13.11,0.677,0.143,13.12,1003,1622,0
"2016-01-13 19:00:00",603,1.402,45.9,5.233,0.76,0.043,13.01,1003,1622,0
"2016-01-13 20:00:00",604,1.79,111.1,8.44,1.137,0.289,12.98,1003,1622,0
"2016-01-13 21:00:00",605,1.568,125.4,9.24,1.245,0.306,12.95,1003,1622,0
"2016-01-13 22:00:00",606,0.979,180.516,18.89,0.881,0.31,12.93,1003,1622,0
"2016-01-13 23:00:00",607,1.777,165.7,9.72,1.373,0.511,12.91,1003,1622,0
"2016-01-14 00:00:00",608,0.663,132.6,10.19,0.737,0.228,12.89,1003,1622,0
"2016-01-14 01:00:00",609,2.228,103.3,7.767,1.637,0.619,12.86,1003,1622,0
"2016-01-14 02:00:00",610,1.934,111.5,9.22,1.554,0.643,12.84,1003,1622,0
"2016-01-14 03:00:00",611,2.439,129.6,14.26,1.914,1.111,12.82,1003,1622,0
"2016-01-14 04:00:00",612,2.873,147.4,6.88,2.271,1.547,12.8,1003,1622,0
"2016-01-14 05:00:00",613,2.219,142.5,12.13,1.696,0.981,12.76,1003,1622,0
"2016-01-14 06:00:00",614,2.201,111.1,9.33,1.735,0.826,12.74,1003,1622,0
"2016-01-14 07:00:00",615,2.058,127,12.62,1.533,0.737,12.73,1003,1622,0
"2016-01-14 08:00:00",616,1.356,160.7,16.74,1.044,0.709,13.89,1003,1622,0
"2016-01-14 09:00:00",617,1.855,186.166,13.82,1.751,1.462,14.6,1003,1622,0
"2016-01-14 10:00:00",618,0.882,187.596,25.1,0.76,0.684,14.14,1003,1622,0
"2016-01-14 11:00:00",619,1.955,276,20.97,1.876,1.581,13.93,1003,1622,0
"2016-01-14 12:00:00",620,1.936,294.6,12.95,1.853,1.589,13.9,1003,1622,0
"2016-01-14 13:00:00",621,1.944,272.3,10.98,1.852,1.58,13.87,1003,1622,0
"2016-01-14 14:00:00",622,2.861,330.3,9.52,2.741,2.256,13.88,1003,1622,0
"2016-01-14 15:00:00",623,1.848,359,10.66,1.768,1.492,13.95,1003,1622,0
"2016-01-14 16:00:00",624,1.389,45.7,20.03,1.314,0.935,13.91,1003,1622,0
"2016-01-14 17:00:00",625,1.755,123.7,9.49,1.527,0.811,13.87,1003,1622,0
"2016-01-14 18:00:00",626,2.2,86.3,5.689,1.478,0.416,13.13,1003,1622,0
"2016-01-14 19:00:00",627,2.273,70.2,5.709,1.398,0.441,13.02,1003,1622,0
"2016-01-14 20:00:00",628,1.824,95.4,8.53,1.296,0.384,12.98,1003,1622,0
"2016-01-14 21:00:00",629,1.969,99.5,6.593,1.474,0.486,12.96,1003,1622,0
"2016-01-14 22:00:00",630,1.456,174,30.11,1.254,0.857,12.94,1003,1622,0
"2016-01-14 23:00:00",631,1.409,215.71,12.07,1.003,0.438,12.93,1003,1622,0
"2016-01-15 00:00:00",632,2.183,156.6,5.098,1.59,0.912,12.9,1003,1622,0
"2016-01-15 01:00:00",633,1.853,90.9,11.44,1.467,0.717,12.88,1003,1622,0
"2016-01-15 02:00:00",634,1.838,65.9,8.12,1.205,0.515,12.86,1003,1622,0
"2016-01-15 03:00:00",635,2.052,116.9,9.17,1.593,0.805,12.84,1003,1622,0
"2016-01-15 04:00:00",636,2.129,118.5,16.06,1.534,0.651,12.82,1003,1622,0
"2016-01-15 05:00:00",637,1.901,132.3,29.86,1.448,0.78,12.79,1003,1622,0
"2016-01-15 06:00:00",638,2.489,179.2,8.74,1.93,1.32,12.77,1003,1622,0
"2016-01-15 07:00:00",639,1.705,90.8,27.89,1.502,0.84,12.75,1003,1622,0
"2016-01-15 08:00:00",640,1.809,125.1,26.2,1.462,0.943,13.7,1003,1622,0
"2016-01-15 09:00:00",641,2.05,140.8,16.51,1.929,1.422,14.56,1003,1622,0
"2016-01-15 10:00:00",642,3.163,107.2,11.82,2.972,1.87,14.2,1003,1622,0
"2016-01-15 11:00:00",643,1.558,216.86,21.25,1.491,1.259,13.88,1003,1622,0
"2016-01-15 12:00:00",644,1.717,314.5,15.54,1.654,1.426,13.76,1003,1622,0
"2016-01-15 13:00:00",645,2.689,255.28,8.07,2.599,2.128,13.78,1003,1622,0
"2016-01-15 14:00:00",646,2.518,272.8,6.533,2.442,1.989,13.81,1003,1622,0
"2016-01-15 15:00:00",647,2.849,238.38,6.512,2.631,2.096,13.82,1003,1622,0
"2016-01-15 16:00:00",648,2.339,234.67,8.12,1.926,1.485,13.84,1003,1622,0
"2016-01-15 17:00:00",649,2.139,248.44,34.53,1.794,1.122,13.8,1003,1622,0
"2016-01-15 18:00:00",650,3.219,291.5,36.03,2.665,1.817,13.13,1003,1622,0
"2016-01-15 19:00:00",651,1.727,276.4,35.17,1.664,0.936,13.02,1003,1622,0
"2016-01-15 20:00:00",652,1.192,242.5,35.26,1.069,0.494,12.99,1003,1622,0
"2016-01-15 21:00:00",653,1.792,38.4,29.54,1.574,0.869,12.97,1003,1622,0
"2016-01-15 22:00:00",654,1.935,119.6,46.04,1.624,0.845,12.94,1003,1622,0
"2016-01-15 23:00:00",655,1.803,128.1,36.27,1.516,0.773,12.93,1003,1622,0
"2016-01-16 00:00:00",656,1.719,97,13.03,1.405,0.478,12.89,1003,1622,0
"2016-01-16 01:00:00",657,2.64,155.5,10.16,2.054,1.343,12.87,1003,1622,0
"2016-01-16 02:00:00",658,1.943,159.7,13.81,1.393,0.61,12.86,1003,1622,0
"2016-01-16 03:00:00",659,2.077,108.6,8.92,1.555,0.621,12.83,1003,1622,0
"2016-01-16 04:00:00",660,3.141,139.4,7.641,2.633,1.853,12.82,1003,1622,0
"2016-01-16 05:00:00",661,2.817,146.5,5.83,2.357,1.708,12.79,1003,1622,0
"2016-01-16 06:00:00",662,2.855,124.1,9.44,2.446,1.493,12.78,1003,1622,0
"2016-01-16 07:00:00",663,3.23,122.6,6.109,2.829,1.933,12.77,1003,1622,0
"2016-01-16 08:00:00",664,2.797,123.8,8.84,2.541,1.669,13.34,1003,1622,0
"2016-01-16 09:00:00",665,2.318,137.5,9.14,2.219,1.744,14.59,1003,1622,0
"2016-01-16 10:00:00",666,2.346,127.7,8.79,2.237,1.718,14.53,1003,1622,0
"2016-01-16 11:00:00",667,2.563,162.7,10.71,2.4,1.989,14.08,1003,1622,0
"2016-01-16 12:00:00",668,2.679,201.03,17.28,2.559,2.074,13.91,1003,1622,0
"2016-01-16 13:00:00",669,2.928,259.23,7.688,2.857,2.312,13.88,1003,1622,0
"2016-01-16 14:00:00",670,3.186,291.9,6.423,3.083,2.429,13.88,1003,1622,0
"2016-01-16 15:00:00",671,1.238,343.6,22.09,1.19,1.027,13.91,1003,1622,0
"2016-01-16 16:00:00",672,1.85,309.1,12.63,1.882,1.595,13.86,1003,1622,0
"2016-01-16 17:00:00",673,3.074,295.9,5.506,2.813,2.132,13.81,1003,1622,0
"2016-01-16 18:00:00",674,2.581,335.7,10.69,2.227,1.524,13.12,1003,1622,0
"2016-01-16 19:00:00",675,2.488,25.3,5.116,1.857,1.024,13.02,1003,1622,0
"2016-01-16 20:00:00",676,2.173,36.5,7.085,1.503,0.561,12.99,1003,1622,0
"2016-01-16 21:00:00",677,2.277,71.8,9.83,1.556,0.656,12.96,1003,1622,0
"2016-01-16 22:00:00",678,1.878,103.5,16.12,1.403,0.722,12.93,1003,1622,0
"2016-01-16 23:00:00",679,1.709,200.26,8.25,1.32,0.442,12.92,1003,1622,0
"2016-01-17 00:00:00",680,1.109,191.78,31.13,1.083,0.375,12.9,1003,1622,0
"2016-01-17 01:00:00",681,0.723,221.72,29.25,0.816,0.392,12.87,1003,1622,0
"2016-01-17 02:00:00",682,1.662,92.4,13.15,1.208,0.51,12.86,1003,1622,0
"2016-01-17 03:00:00",683,2.434,150.9,10.09,1.892,1.206,12.84,1003,1622,0
"2016-01-17 04:00:00",684,2.046,135.5,8.3,1.523,0.768,12.82,1003,1622,0
"2016-01-17 05:00:00",685,2.221,120.3,8.66,1.7,0.853,12.79,1003,1622,0
"2016-01-17 06:00:00",686,2.661,158.4,7.184,2.093,1.421,12.78,1003,1622,0
"2016-01-17 07:00:00",687,2.484,127.1,10.69,2.015,1.173,12.77,1003,1622,0
"2016-01-17 08:00:00",688,1.925,110.2,7.585,1.663,0.766,13.77,1003,1622,0
"2016-01-17 09:00:00",689,2.191,124,6.678,2.117,1.628,14.53,1003,1622,0
"2016-01-17 10:00:00",690,2.209,115.7,10.09,2.087,1.415,14.12,1003,1622,0
"2016-01-17 11:00:00",691,2.078,187.941,19.17,1.98,1.652,13.86,1003,1622,0
"2016-01-17 12:00:00",692,2.449,264.5,8.29,2.355,1.936,13.82,1003,1622,0
"2016-01-17 13:00:00",693,2.721,264.3,7.379,2.61,2.12,13.82,1003,1622,0
"2016-01-17 14:00:00",694,3.033,260.4,5.31,2.937,2.344,13.84,1003,1622,0
"2016-01-17 15:00:00",695,3.549,264.6,5.406,3.349,2.57,13.86,1003,1622,0
"2016-01-17 16:00:00",696,3.544,338.3,8.78,3.28,2.532,13.89,1003,1622,0
"2016-01-17 17:00:00",697,3.159,6.80000000000001,5.963,2.729,1.874,13.76,1003,1622,0
"2016-01-17 18:00:00",698,3.1,26.7,3.668,2.353,1.32,13.1,1003,1622,0
"2016-01-17 19:00:00",699,2.298,42.2,2.516,1.508,0.559,13.01,1003,1622,0
"2016-01-17 20:00:00",700,2.973,66.3,4.295,1.996,0.941,12.98,1003,1622,0
"2016-01-17 21:00:00",701,2.08,67.5,4.43,1.356,0.405,12.96,1003,1622,0
"2016-01-17 22:00:00",702,1.222,132.5,18.73,0.882,0.41,12.94,1003,1622,0
"2016-01-17 23:00:00",703,1.43,148,9.49,1.194,0.35,12.92,1003,1622,0
"2016-01-18 00:00:00",704,1.454,155.5,7.005,1.332,0.359,12.9,1003,1622,0
"2016-01-18 01:00:00",705,1.466,163.4,6.583,1.276,0.404,12.87,1003,1622,0
"2016-01-18 02:00:00",706,2.174,129.7,3.948,1.776,1.074,12.86,1003,1622,0
"2016-01-18 03:00:00",707,2.316,138,6.027,1.927,1.38,12.84,1003,1622,0
"2016-01-18 04:00:00",708,2.31,166.2,7.417,1.831,1.275,12.82,1003,1622,0
"2016-01-18 05:00:00",709,1.726,115.4,12.35,1.401,0.703,12.81,1003,1622,0
"2016-01-18 06:00:00",710,2.134,140.3,5.842,1.652,1.066,12.78,1003,1622,0
"2016-01-18 07:00:00",711,2.537,147.3,6.994,2.103,1.489,12.78,1003,1622,0
"2016-01-18 08:00:00",712,2.321,121.1,20.44,2.027,1.314,12.93,1003,1622,0
"2016-01-18 09:00:00",713,1.495,99.3,36.85,1.396,0.839,13.52,1003,1622,0
"2016-01-18 10:00:00",714,1.868,127.1,11.22,1.782,1.295,14.52,1003,1622,0
"2016-01-18 11:00:00",715,2.172,203.17,11.78,2.074,1.741,14.38,1003,1622,0
"2016-01-18 12:00:00",716,1.978,269.8,23.69,1.902,1.601,13.92,1003,1622,0
"2016-01-18 13:00:00",717,2.719,309.8,10.5,2.634,2.133,13.91,1003,1622,0
"2016-01-18 14:00:00",718,1.66,288.6,16.34,1.607,1.394,13.89,1003,1622,0
"2016-01-18 15:00:00",719,2.678,301.9,13.84,2.586,2.068,13.9,1003,1622,0
"2016-01-18 16:00:00",720,2.061,288.9,9.29,1.914,1.518,13.93,1003,1622,0
"2016-01-18 17:00:00",721,1.624,320.7,15.57,1.37,0.803,13.76,1003,1622,0
"2016-01-18 18:00:00",722,2.086,5.69999999999999,12.38,1.549,0.761,13.11,1003,1622,0
"2016-01-18 19:00:00",723,2.007,331.8,13.79,1.601,0.749,13.01,1003,1622,0
"2016-01-18 20:00:00",724,1.831,33.1,12.63,1.212,0.479,12.98,1003,1622,0
"2016-01-18 21:00:00",725,2.1,120.9,25.86,1.486,0.7,12.96,1003,1622,0
"2016-01-18 22:00:00",726,2.17,156.3,21.24,1.545,0.821,12.93,1003,1622,0
"2016-01-18 23:00:00",727,1.768,330,22.86,1.577,0.89,12.92,1003,1622,0
"2016-01-19 00:00:00",728,1.872,29.3,21.71,1.444,0.48,12.9,1003,1622,0
"2016-01-19 01:00:00",729,1.991,133.8,30.21,1.662,0.874,12.86,1003,1622,0
"2016-01-19 02:00:00",730,2.653,134.6,22.68,2.108,1.302,12.85,1003,1622,0
"2016-01-19 03:00:00",731,2.309,141,20.78,1.835,1.082,12.82,1003,1622,0
"2016-01-19 04:00:00",732,2.443,140.8,15.84,1.87,0.964,12.81,1003,1622,0
"2016-01-19 05:00:00",733,1.994,124.8,19.55,1.616,0.774,12.78,1003,1622,0
"2016-01-19 06:00:00",734,1.281,76.3,16.35,0.941,0.352,12.76,1003,1622,0
"2016-01-19 07:00:00",735,2.24,155.3,17.38,1.815,1.139,12.76,1003,1622,0
"2016-01-19 08:00:00",736,2.013,133.7,6.654,1.653,1.157,13.64,1003,1622,0
"2016-01-19 09:00:00",737,1.959,132,10.81,1.875,1.397,14.54,1003,1622,0
"2016-01-19 10:00:00",738,2.495,161.1,9.45,2.369,1.97,14.13,1003,1622,0
"2016-01-19 11:00:00",739,2.236,164.9,11.86,2.103,1.773,13.87,1003,1622,0
"2016-01-19 12:00:00",740,2.842,235.96,16.23,2.735,2.2,13.79,1003,1622,0
"2016-01-19 13:00:00",741,3.535,275.6,6.197,3.404,2.606,13.83,1003,1622,0
"2016-01-19 14:00:00",742,3.171,298,17.72,2.943,2.283,13.89,1003,1622,0
"2016-01-19 15:00:00",743,1.916,347.1,12.95,1.855,1.547,13.91,1003,1622,0
"2016-01-19 16:00:00",744,1.955,6.30000000000001,12.63,1.863,1.488,13.89,1003,1622,0
"2016-01-19 17:00:00",745,2.332,3.69999999999999,4.86,1.932,1.226,13.82,1003,1622,0
"2016-01-19 18:00:00",746,2.281,13.7,5.113,1.694,0.843,13.13,1003,1622,0
"2016-01-19 19:00:00",747,2.863,95.1,10.84,2.137,1.281,13.02,1003,1622,0
"2016-01-19 20:00:00",748,1.66,118.7,24.27,1.214,0.484,13,1003,1622,0
"2016-01-19 21:00:00",749,0.935,22.1,41.06,0.949,0.376,12.97,1003,1622,0
"2016-01-19 22:00:00",750,0.999,358.4,39.69,0.809,0.361,12.94,1003,1622,0
"2016-01-19 23:00:00",751,0.972,256.08,17.55,0.883,0.366,12.93,1003,1622,0
"2016-01-20 00:00:00",752,1.948,117.4,10.68,1.422,0.575,12.9,1003,1622,0
"2016-01-20 01:00:00",753,1.759,168.7,9.58,1.159,0.384,12.88,1003,1622,0
"2016-01-20 02:00:00",754,2.182,137.6,10.29,1.586,0.738,12.85,1003,1622,0
"2016-01-20 03:00:00",755,2.129,126.1,15.3,1.582,0.78,12.84,1003,1622,0
"2016-01-20 04:00:00",756,2.743,155.6,8.42,2.148,1.387,12.82,1003,1622,0
"2016-01-20 05:00:00",757,2.152,129.1,13.29,1.726,0.846,12.8,1003,1622,0
"2016-01-20 06:00:00",758,2.163,112.8,11.44,1.577,0.719,12.78,1003,1622,0
"2016-01-20 07:00:00",759,2.471,135.1,6.357,1.945,1.214,12.79,1003,1622,0
"2016-01-20 08:00:00",760,2.718,128,9.57,2.387,1.581,13.81,1003,1622,0
"2016-01-20 09:00:00",761,2.176,151.3,10.46,2.102,1.701,14.5,1003,1622,0
"2016-01-20 10:00:00",762,1.578,247.94,13.78,1.496,1.298,14.06,1003,1622,0
"2016-01-20 11:00:00",763,1.905,290.3,10.56,1.834,1.544,13.85,1003,1622,0
"2016-01-20 12:00:00",764,2.453,281.8,8.25,2.358,1.947,13.82,1003,1622,0
"2016-01-20 13:00:00",765,2.564,295.7,6.938,2.47,2.044,13.8,1003,1622,0
"2016-01-20 14:00:00",766,2.314,307.5,6.956,2.24,1.868,13.79,1003,1622,0
"2016-01-20 15:00:00",767,2.337,293.2,5.918,2.274,1.874,13.79,1003,1622,0
"2016-01-20 16:00:00",768,2.213,305.9,5.313,2.092,1.71,13.81,1003,1622,0
"2016-01-20 17:00:00",769,2.215,331.4,4.913,1.854,1.352,13.82,1003,1622,0
"2016-01-20 18:00:00",770,2.435,4.90000000000001,4.485,1.982,1.052,13.13,1003,1622,0
"2016-01-20 19:00:00",771,2.563,35,3.856,1.772,0.735,13.02,1003,1622,0
"2016-01-20 20:00:00",772,1.505,106.3,19.31,1.149,0.261,12.99,1003,1622,0
"2016-01-20 21:00:00",773,2.164,80,16.45,1.628,0.733,12.96,1003,1622,0
"2016-01-20 22:00:00",774,2.837,88.8,12.84,2.01,0.959,12.94,1003,1622,0
"2016-01-20 23:00:00",775,2.435,114.9,25.44,1.881,1.009,12.93,1003,1622,0
"2016-01-21 00:00:00",776,2.284,191.59,8.36,1.558,0.766,12.9,1003,1622,0
"2016-01-21 01:00:00",777,1.234,265.4,47.13,1.182,0.581,12.88,1003,1622,0
"2016-01-21 02:00:00",778,1.159,82.5,21.23,1.029,0.363,12.85,1003,1622,0
"2016-01-21 03:00:00",779,2.145,158.2,12.41,1.761,0.867,12.84,1003,1622,0
"2016-01-21 04:00:00",780,2.764,134.2,6.916,2.208,1.407,12.82,1003,1622,0
"2016-01-21 05:00:00",781,2.008,149.9,11.06,1.397,0.476,12.8,1003,1622,0
"2016-01-21 06:00:00",782,1.905,146.4,23.99,1.466,0.619,12.78,1003,1622,0
"2016-01-21 07:00:00",783,2.264,136.7,10.88,1.745,0.861,12.79,1003,1622,0
"2016-01-21 08:00:00",784,2.113,149.9,9.38,1.624,1.045,14.03,1003,1622,0
"2016-01-21 09:00:00",785,2.407,200.05,14.23,2.253,1.822,14.49,1003,1622,0
"2016-01-21 10:00:00",786,3.257,238.24,4.688,3.12,2.454,14.09,1003,1622,0
"2016-01-21 11:00:00",787,3.559,238.76,4.668,3.405,2.664,13.91,1003,1622,0
"2016-01-21 12:00:00",788,2.432,277.7,7.505,2.339,1.92,13.86,1003,1622,0
"2016-01-21 13:00:00",789,2.577,317.2,9.18,2.485,2.059,13.79,1003,1622,0
"2016-01-21 14:00:00",790,2.756,322.7,7.096,2.678,2.178,13.79,1003,1622,0
"2016-01-21 15:00:00",791,2.292,330.7,9.13,2.211,1.831,13.79,1003,1622,0
"2016-01-21 16:00:00",792,1.997,316.1,5.321,1.9,1.488,13.8,1003,1622,0
"2016-01-21 17:00:00",793,1.526,323.4,9.38,1.353,0.639,13.71,1003,1622,0
"2016-01-21 18:00:00",794,1.747,17.3,10.84,1.339,0.327,13.11,1003,1622,0
"2016-01-21 19:00:00",795,2.444,56.2,3.31,1.211,0.291,13.01,1003,1622,0
"2016-01-21 20:00:00",796,1.784,53.1,6.635,0.947,0.221,12.98,1003,1622,0
"2016-01-21 21:00:00",797,1.76,96.2,6.757,1.064,0.158,12.95,1003,1622,0
"2016-01-21 22:00:00",798,1.993,99,7.417,1.418,0.38,12.93,1003,1622,0
"2016-01-21 23:00:00",799,1.139,222.94,22.92,1.113,0.238,12.92,1003,1622,0
"2016-01-22 00:00:00",800,1.338,158.7,13.1,1.219,0.364,12.89,1003,1622,0
"2016-01-22 01:00:00",801,1.757,80.9,7.733,1.166,0.26,12.87,1003,1622,0
"2016-01-22 02:00:00",802,0.98,142.2,16.37,1.078,0.316,12.86,1003,1622,0
"2016-01-22 03:00:00",803,1.356,156.2,14.41,1.025,0.265,12.82,1003,1622,0
"2016-01-22 04:00:00",804,1.79,139.3,6.748,1.543,0.469,12.81,1003,1622,0
"2016-01-22 05:00:00",805,2.426,159.7,16.21,1.78,0.76,12.78,1003,1622,0
"2016-01-22 06:00:00",806,1.921,162,25.41,1.506,0.58,12.76,1003,1622,0
"2016-01-22 07:00:00",807,2.753,115.6,6.098,2.185,1.221,12.76,1003,1622,0
"2016-01-22 08:00:00",808,2.507,136.6,4.799,2.088,1.515,13.75,1003,1622,0
"2016-01-22 09:00:00",809,2.017,145.2,9.04,1.927,1.56,14.53,1003,1622,0
"2016-01-22 10:00:00",810,1.853,241.14,13.47,1.769,1.508,14.08,1003,1622,0
"2016-01-22 11:00:00",811,1.974,275.5,8.27,1.898,1.594,13.88,1003,1622,0
"2016-01-22 12:00:00",812,2.501,288.2,8.77,2.387,1.963,13.83,1003,1622,0
"2016-01-22 13:00:00",813,3.053,308.7,7.401,2.928,2.364,13.82,1003,1622,0
"2016-01-22 14:00:00",814,2.078,321.3,8.63,1.987,1.682,13.81,1003,1622,0
"2016-01-22 15:00:00",815,1.893,296.7,6.252,1.823,1.521,13.84,1003,1622,0
"2016-01-22 16:00:00",816,1.537,287,5.795,1.448,1.186,13.88,1003,1622,0
"2016-01-22 17:00:00",817,1.935,286.8,7.582,1.638,1.077,13.84,1003,1622,0
"2016-01-22 18:00:00",818,1.667,330.1,11.23,1.33,0.528,13.12,1003,1622,0
"2016-01-22 19:00:00",819,1.679,76.9,11.81,1.195,0.174,13.01,1003,1622,0
"2016-01-22 20:00:00",820,2.104,103.1,4.639,1.477,0.433,12.97,1003,1622,0
"2016-01-22 21:00:00",821,1.67,106.2,7.655,1.126,0.331,12.95,1003,1622,0
"2016-01-22 22:00:00",822,1.385,198.59,14.6,1.373,0.604,12.93,1003,1622,0
"2016-01-22 23:00:00",823,1.037,166.7,16.13,0.792,0.16,12.91,1003,1622,0
"2016-01-23 00:00:00",824,1.372,85.8,8.49,1.14,0.248,12.89,1003,1622,0
"2016-01-23 01:00:00",825,1.716,123.9,5.773,1.32,0.403,12.86,1003,1622,0
"2016-01-23 02:00:00",826,2.062,142.7,9.41,1.562,0.689,12.85,1003,1622,0
"2016-01-23 03:00:00",827,1.957,160,6.327,1.417,0.635,12.82,1003,1622,0
"2016-01-23 04:00:00",828,1.99,115.9,4.62,1.548,0.614,12.81,1003,1622,0
"2016-01-23 05:00:00",829,2.503,131.9,4.374,1.998,1.328,12.78,1003,1622,0
"2016-01-23 06:00:00",830,2.459,128.3,5.253,1.943,1.169,12.76,1003,1622,0
"2016-01-23 07:00:00",831,2.58,131.7,6.382,2.117,1.318,12.75,1003,1622,0
"2016-01-23 08:00:00",832,2.717,116.4,5.414,2.485,1.58,13.35,1003,1622,0
"2016-01-23 09:00:00",833,2.6,123.7,6.19,2.468,1.778,14.5,1003,1622,0
"2016-01-23 10:00:00",834,2.017,150.8,8.31,1.926,1.579,14.55,1003,1622,0
"2016-01-23 11:00:00",835,1.396,152,16.81,1.301,1.097,14.13,1003,1622,0
"2016-01-23 12:00:00",836,1.82,267.9,23.66,1.752,1.484,13.88,1003,1622,0
"2016-01-23 13:00:00",837,2.867,284.7,5.038,2.783,2.206,13.92,1003,1622,0
"2016-01-23 14:00:00",838,2.043,310.6,23.3,1.963,1.603,13.95,1003,1622,0
"2016-01-23 15:00:00",839,1.666,233.86,16.46,1.582,1.298,13.93,1003,1622,0
"2016-01-23 16:00:00",840,0.98,149,27.84,0.883,0.616,13.95,1003,1622,0
"2016-01-23 17:00:00",841,0.792,228.32,19.69,0.771,0.382,13.84,1003,1622,0
"2016-01-23 18:00:00",842,0.929,137,13.25,0.466,0.091,13.14,1003,1622,0
"2016-01-23 19:00:00",843,1.912,141.5,10,1.29,0.496,13.01,1003,1622,0
"2016-01-23 20:00:00",844,2.555,98.8,12.5,1.919,0.834,12.98,1003,1622,0
"2016-01-23 21:00:00",845,2.377,92.5,19.98,1.808,0.92,12.96,1003,1622,0
"2016-01-23 22:00:00",846,4.066,165.2,27.58,3.48,2.301,12.93,1003,1622,0
"2016-01-23 23:00:00",847,7.837,252.74,6.134,6.867,4.775,12.93,1003,1622,0
"2016-01-24 00:00:00",848,4.17,292.3,12.29,3.485,2.247,12.92,1003,1622,0
"2016-01-24 01:00:00",849,2.561,301.3,48.1,2.219,1.34,12.89,1003,1622,0
"2016-01-24 02:00:00",850,1.539,53.3,27.49,1.61,0.834,12.87,1003,1622,0
"2016-01-24 03:00:00",851,2.037,316.7,21.1,1.734,0.939,12.85,1003,1622,0
"2016-01-24 04:00:00",852,2.103,299.5,25.8,1.775,1.013,12.82,1003,1622,0
"2016-01-24 05:00:00",853,1.958,26.5,28.1,1.623,0.88,12.81,1003,1622,0
"2016-01-24 06:00:00",854,1.556,50.5,30.79,1.368,0.593,12.78,1003,1622,0
"2016-01-24 07:00:00",855,3.081,329.1,10.4,2.524,1.454,12.79,1003,1622,0
"2016-01-24 08:00:00",856,2.295,31.2,10.5,1.697,0.952,13.84,1003,1622,0
"2016-01-24 09:00:00",857,1.423,122.2,58.87,1.372,1.04,14.45,1003,1622,0
"2016-01-24 10:00:00",858,0.903,248.72,33.74,0.805,0.666,13.98,1003,1622,0
"2016-01-24 11:00:00",859,2.332,270.7,14.94,2.215,1.739,13.77,1003,1622,0
"2016-01-24 12:00:00",860,3.338,301.1,10.55,3.222,2.506,13.79,1003,1622,0
"2016-01-24 13:00:00",861,2.566,301.5,8.89,2.509,2.032,13.78,1003,1622,0
"2016-01-24 14:00:00",862,1.657,280.5,12.63,1.59,1.351,13.76,1003,1622,0
"2016-01-24 15:00:00",863,1.922,249.45,9.8,1.858,1.574,13.75,1003,1622,0
"2016-01-24 16:00:00",864,2.021,236.17,6.971,1.881,1.495,13.77,1003,1622,0
"2016-01-24 17:00:00",865,1.651,209.4,9.96,1.429,0.591,13.83,1003,1622,0
"2016-01-24 18:00:00",866,2.058,173.9,7.92,1.375,0.469,13.14,1003,1622,0
"2016-01-24 19:00:00",867,1.854,133.9,10.93,1.626,0.562,13.02,1003,1622,0
"2016-01-24 20:00:00",868,3.157,111.7,7.57,2.342,1.04,12.98,1003,1622,0
"2016-01-24 21:00:00",869,2.056,98.7,9.25,1.58,0.659,12.95,1003,1622,0
"2016-01-24 22:00:00",870,2.485,139.2,13.67,1.959,1.114,12.93,1003,1622,0
"2016-01-24 23:00:00",871,2.521,66.9,10.15,1.791,0.862,12.91,1003,1622,0
"2016-01-25 00:00:00",872,1.97,87.6,21.32,1.365,0.445,12.89,1003,1622,0
"2016-01-25 01:00:00",873,2.093,179.3,26.69,1.765,1.015,12.86,1003,1622,0
"2016-01-25 02:00:00",874,1.84,164.3,31.18,1.503,0.629,12.86,1003,1622,0
"2016-01-25 03:00:00",875,1.264,123.3,27.66,1.255,0.514,12.83,1003,1622,0
"2016-01-25 04:00:00",876,2.53,137.5,10.72,1.962,0.933,12.82,1003,1622,0
"2016-01-25 05:00:00",877,2.693,124.1,11.69,2.113,1.148,12.79,1003,1622,0
"2016-01-25 06:00:00",878,2.874,153.9,9.25,2.278,1.456,12.78,1003,1622,0
"2016-01-25 07:00:00",879,2.158,145.5,12.15,1.662,0.844,12.77,1003,1622,0
"2016-01-25 08:00:00",880,1.857,133.4,18.29,1.556,0.86,13.66,1003,1622,0
"2016-01-25 09:00:00",881,0.998,5.90000000000001,28.96,0.872,0.531,14.41,1003,1622,0
"2016-01-25 10:00:00",882,0.96,317.8,42.26,0.833,0.681,14.35,1003,1622,0
"2016-01-25 11:00:00",883,2.496,253.3,23.94,2.45,1.959,13.83,1003,1622,0
"2016-01-25 12:00:00",884,3.074,263.3,6.233,3.04,2.415,13.81,1003,1622,0
"2016-01-25 13:00:00",885,2.971,283.8,19.74,2.861,2.276,13.78,1003,1622,0
"2016-01-25 14:00:00",886,5.682,10.4,13.35,5.384,3.987,13.75,1003,1622,0
"2016-01-25 15:00:00",887,4.686,346.1,11.01,4.353,3.274,13.76,1003,1622,0
"2016-01-25 16:00:00",888,5.217,0.699999999999989,6.368,4.786,3.51,13.79,1003,1622,0
"2016-01-25 17:00:00",889,6.374,11.8,4.419,5.712,4.069,13.83,1003,1622,0
"2016-01-25 18:00:00",890,5.4,13.1,3.844,4.62,3.196,13.17,1003,1622,0
"2016-01-25 19:00:00",891,4.524,10.5,5.012,3.827,2.608,13.02,1003,1622,0
"2016-01-25 20:00:00",892,5.421,9.5,4.535,4.704,3.27,13,1003,1622,0
"2016-01-25 21:00:00",893,2.206,41,21.53,1.749,0.784,12.97,1003,1622,0
"2016-01-25 22:00:00",894,3.158,18.6,12.88,2.507,1.418,12.94,1003,1622,0
"2016-01-25 23:00:00",895,3.686,14.2,14.49,2.948,1.737,12.93,1003,1622,0
"2016-01-26 00:00:00",896,4.703,29.2,7.487,3.661,2.28,12.9,1003,1622,0
"2016-01-26 01:00:00",897,4.697,42.9,3.984,3.367,1.74,12.89,1003,1622,0
"2016-01-26 02:00:00",898,4.191,28.9,13.44,3.068,1.626,12.85,1003,1622,0
"2016-01-26 03:00:00",899,3.212,5.5,23.69,2.801,1.579,12.85,1003,1622,0
"2016-01-26 04:00:00",900,4.153,35.1,8.85,3.241,1.792,12.82,1003,1622,0
"2016-01-26 05:00:00",901,2.636,16.6,28.39,1.989,0.87,12.81,1003,1622,0
"2016-01-26 06:00:00",902,4.257,338.6,11.93,3.551,2.16,12.78,1003,1622,0
"2016-01-26 07:00:00",903,7.589,346.3,5.063,6.699,4.716,12.8,1003,1622,0
"2016-01-26 08:00:00",904,4.398,324.9,5.371,3.755,2.519,13.83,1003,1622,0
"2016-01-26 09:00:00",905,3.875,348.3,6.443,3.402,2.478,14.38,1003,1622,0
"2016-01-26 10:00:00",906,1.866,314.9,13.74,1.77,1.454,13.94,1003,1622,0
"2016-01-26 11:00:00",907,2.147,271.1,17.61,2.081,1.701,13.75,1003,1622,0
"2016-01-26 12:00:00",908,2.826,277.9,19.4,2.737,2.165,13.75,1003,1622,0
"2016-01-26 13:00:00",909,4.307,249.68,7.928,4.113,3.148,13.76,1003,1622,0
"2016-01-26 14:00:00",910,3.796,260.9,7.638,3.604,2.776,13.8,1003,1622,0
"2016-01-26 15:00:00",911,3.751,249.11,5.707,3.505,2.679,13.8,1003,1622,0
"2016-01-26 16:00:00",912,3.079,237.91,5.679,2.792,2.096,13.82,1003,1622,0
"2016-01-26 17:00:00",913,2.393,218.53,7.74,1.976,1.105,13.88,1003,1622,0
"2016-01-26 18:00:00",914,1.374,232.14,21.15,1.146,0.582,13.16,1003,1622,0
"2016-01-26 19:00:00",915,2.169,129.9,19.02,1.762,0.829,13,1003,1622,0
"2016-01-26 20:00:00",916,2.475,124.2,16.28,1.946,0.962,12.97,1003,1622,0
"2016-01-26 21:00:00",917,1.607,99.5,16.3,1.142,0.418,12.94,1003,1622,0
"2016-01-26 22:00:00",918,2.346,118.3,19.97,1.756,0.713,12.92,1003,1622,0
"2016-01-26 23:00:00",919,2.102,130.9,11.05,1.675,0.641,12.89,1003,1622,0
"2016-01-27 00:00:00",920,2.148,143,10.04,1.58,0.6,12.87,1003,1622,0
"2016-01-27 01:00:00",921,2.191,129.6,10.25,1.675,0.662,12.86,1003,1622,0
"2016-01-27 02:00:00",922,2.311,148.4,10.33,1.783,0.802,12.83,1003,1622,0
"2016-01-27 03:00:00",923,2.39,151.6,12.9,1.8,0.839,12.82,1003,1622,0
"2016-01-27 04:00:00",924,2.221,127.5,20.51,1.76,0.788,12.79,1003,1622,0
"2016-01-27 05:00:00",925,2.761,134.4,8.15,2.131,1.231,12.77,1003,1622,0
"2016-01-27 06:00:00",926,2.894,127.2,8.25,2.281,1.358,12.74,1003,1622,0
"2016-01-27 07:00:00",927,2.948,140.7,8.31,2.34,1.471,12.77,1003,1622,0
"2016-01-27 08:00:00",928,2.915,121.6,7.274,2.65,1.752,14.05,1003,1622,0
"2016-01-27 09:00:00",929,2.45,134.7,6.909,2.368,1.828,14.6,1003,1622,0
"2016-01-27 10:00:00",930,1.474,161.9,19.73,1.403,1.154,14.16,1003,1622,0
"2016-01-27 11:00:00",931,2.02,258.7,9.33,1.984,1.65,13.9,1003,1622,0
"2016-01-27 12:00:00",932,2.202,268.4,8.74,2.147,1.764,13.84,1003,1622,0
"2016-01-27 13:00:00",933,2.193,278.7,8.08,2.121,1.722,13.8,1003,1622,0
"2016-01-27 14:00:00",934,2.283,310.9,7.894,2.221,1.816,13.82,1003,1622,0
"2016-01-27 15:00:00",935,2.375,343.3,7.217,2.306,1.859,13.84,1003,1622,0
"2016-01-27 16:00:00",936,1.908,7.80000000000001,9.05,1.781,1.243,13.9,1003,1622,0
"2016-01-27 17:00:00",937,1.841,34.2,4.339,1.439,0.571,13.86,1003,1622,0
"2016-01-27 18:00:00",938,2.418,39.2,4.237,1.726,0.788,13.13,1003,1622,0
"2016-01-27 19:00:00",939,2.782,53.5,2.894,1.686,0.572,13.01,1003,1622,0
"2016-01-27 20:00:00",940,2.063,120.5,12.94,1.499,0.435,12.97,1003,1622,0
"2016-01-27 21:00:00",941,2.117,129.7,8.19,1.532,0.621,12.95,1003,1622,0
"2016-01-27 22:00:00",942,1.308,84.8,53.36,1.253,0.582,12.93,1003,1622,0
"2016-01-27 23:00:00",943,1.099,164,18.4,1.176,0.312,12.92,1003,1622,0
"2016-01-28 00:00:00",944,1.247,60.9,11.1,0.819,0.149,12.89,1003,1622,0
"2016-01-28 01:00:00",945,1.712,91.1,8.42,1.475,0.487,12.86,1003,1622,0
"2016-01-28 02:00:00",946,2.205,159.7,9.06,1.662,0.69,12.84,1003,1622,0
"2016-01-28 03:00:00",947,2.313,132.4,7.284,1.751,0.759,12.82,1003,1622,0
"2016-01-28 04:00:00",948,2.271,142.4,7.983,1.725,0.757,12.8,1003,1622,0
"2016-01-28 05:00:00",949,2.483,104.1,10.69,1.894,0.707,12.77,1003,1622,0
"2016-01-28 06:00:00",950,2.317,126.4,10.56,1.8,0.97,12.74,1003,1622,0
"2016-01-28 07:00:00",951,2.79,190.36,8.45,2.209,1.491,12.75,1003,1622,0
"2016-01-28 08:00:00",952,2.173,134.1,25.06,1.97,1.409,13.49,1003,1622,0
"2016-01-28 09:00:00",953,1.994,94.6,8.8,1.897,1.072,14.54,1003,1622,0
"2016-01-28 10:00:00",954,2.207,144.1,11.05,2.098,1.597,14.44,1003,1622,0
"2016-01-28 11:00:00",955,1.892,200.5,14.15,1.807,1.493,13.9,1003,1622,0
"2016-01-28 12:00:00",956,2.083,280.3,9.1,2.031,1.691,13.84,1003,1622,0
"2016-01-28 13:00:00",957,2.382,270.8,9.26,2.295,1.859,13.81,1003,1622,0
"2016-01-28 14:00:00",958,2.363,293.2,7.467,2.289,1.865,13.82,1003,1622,0
"2016-01-28 15:00:00",959,2.502,314.4,5.686,2.43,1.926,13.82,1003,1622,0
