"TOA5","1004","CR6","2608","CR6.Std.03","CPU:1004_METandSF_WR Update_20151217.CR6","63039","Min05"
"TIMESTAMP","RECORD","WS6m_ms_S_WVT","WD_6m_D1_WVT","WD_6m_SD1_WVT","WS_2m_Avg","WS_0m_Avg","site","sensitpc_Avg","sensitke_Avg","sensitpc_Tot"
"TS","RN","meters/second","Deg","Deg","meters/second","meters/second","","","",""
"","","WVc","WVc","WVc","Avg","Avg","Smp","Avg","Avg","Tot"
"2015-11-07 09:50:00",0,1.856,183,0.069,0,0,1001,0,0,0
"2015-11-07 09:55:00",1,1.815,247.7,55.94,0.754,0.011,1001,0,0,0
"2016-01-28 13:30:00",2,2.15,272.1,5.948,2.186,1.243,1001,0,0,0
"2016-01-28 13:35:00",3,2.143,272.3,7.673,2.239,1.693,1001,0,0,0
"2016-01-28 13:40:00",4,2.042,274.1,10.83,1.9,1.549,1001,0,0,0
"2016-01-28 13:45:00",5,2.207,289.4,12.42,2.036,1.405,1001,0,0,0
"2016-01-28 13:50:00",6,2.103,279.9,14.73,1.879,1.255,1001,0,0,0
"2016-01-28 13:55:00",7,2.164,281.6,10.21,1.972,0.517,1001,0,0,0
"2016-01-28 14:00:00",8,2.29,287.8,12.5,2.111,1.375,1001,0,0,0
"2016-01-28 14:05:00",9,2.706,299.7,10.73,2.562,1.693,1001,0,0,0
"2016-01-28 14:10:00",10,2.97,294.7,7.914,2.626,1.722,1001,0,0,0
"2016-01-28 14:15:00",11,3.031,293.2,10.09,2.764,1.783,1001,0,0,0
"2016-01-28 14:20:00",12,2.226,273.7,11.79,1.754,1.61,1001,0,0,0
"2016-01-28 14:25:00",13,2.127,278,16.83,1.539,1.674,1001,0,0,0
"2016-01-28 14:30:00",14,2.711,308.1,9.87,2.519,1.605,1001,0,0,0
"2016-01-28 14:35:00",15,2.346,302.6,11.61,2.231,1.487,1001,0,0,0
"2016-01-28 14:40:00",16,2.551,302.8,8.16,2.402,1.615,1001,0,0,0
"2016-01-28 14:45:00",17,2.556,304,8.18,2.383,1.647,1001,0,0,0
"2016-01-28 14:50:00",18,2.66,307.2,7.879,2.458,1.714,1001,0,0,0
"2016-01-28 14:55:00",19,2.49,306.8,8.53,2.324,1.615,1001,0,0,0
"2016-01-28 15:00:00",20,2.13,311.8,9.58,1.986,1.469,1001,0,0,0
"2016-01-28 15:05:00",21,1.77,316.5,10.84,1.716,1.314,1001,0,0,0
"2016-01-28 15:10:00",22,1.578,313.7,10.8,1.498,1.141,1001,0,0,0
"2016-01-28 15:15:00",23,1.994,317,8.75,1.908,1.423,1001,0,0,0
"2016-01-28 15:20:00",24,1.799,321.9,9.81,1.687,1.287,1001,0,0,0
"2016-01-28 15:25:00",25,1.674,322.1,10.55,1.556,1.173,1001,0,0,0
"2016-01-28 15:30:00",26,2.058,324.6,10.22,1.911,1.458,1001,0,0,0
"2016-01-28 15:35:00",27,2.122,326.3,8.16,1.994,1.469,1001,0,0,0
"2016-01-28 15:40:00",28,2.034,339.7,7.707,2.007,1.527,1001,0,0,0
"2016-01-28 15:45:00",29,1.967,332.7,9.43,1.842,1.394,1001,0,0,0
"2016-01-28 15:50:00",30,2.02,349.6,6.008,1.98,1.543,1001,0,0,0
"2016-01-28 15:55:00",31,1.887,341.6,6.723,1.828,1.394,1001,0,0,0
"2016-01-28 16:00:00",32,1.562,344.7,6.308,1.503,1.231,1001,0,0,0
"2016-01-28 16:05:00",33,1.335,336.3,9.68,1.287,1.03,1001,0,0,0
"2016-01-28 16:10:00",34,1.316,320.3,6.603,1.268,0.984,1001,0,0,0
"2016-01-28 16:15:00",35,1.38,338.1,8.88,1.386,1.109,1001,0,0,0
"2016-01-28 16:20:00",36,1.471,1.78,7.792,1.434,1.202,1001,0,0,0
"2016-01-28 16:25:00",37,1.231,13.64,7.748,1.212,1.041,1001,0,0,0
"2016-01-28 16:30:00",38,1.524,359.3,4.812,1.498,1.178,1001,0,0,0
"2016-01-28 16:35:00",39,1.492,358.8,3.353,1.458,1.146,1001,0,0,0
"2016-01-28 16:40:00",40,1.551,344.3,7.759,1.516,1.141,1001,0,0,0
"2016-01-28 16:45:00",41,1.503,339.5,5.202,1.423,1.085,1001,0,0,0
"2016-01-28 16:50:00",42,1.826,318.8,3.287,1.436,0.946,1001,0,0,0
"2016-01-28 16:55:00",43,2.05,309.6,3.981,1.524,0.946,1001,0,0,0
"2016-01-28 17:00:00",44,2.127,313.2,2.337,1.527,0.975,1001,0,0,0
"2016-01-28 17:05:00",45,1.978,319.5,1.832,1.436,0.876,1001,0,0,0
"2016-01-28 17:10:00",46,1.847,320.3,0.718,1.33,0.635,1001,0,0,0
"2016-01-28 17:15:00",47,1.69,324.9,4.18,1.242,0.534,1001,0,0,0
"2016-01-28 17:20:00",48,1.674,339.9,5.06,1.202,0.392,1001,0,0,0
"2016-01-28 17:25:00",49,1.764,349.8,1.67,1.394,0.534,1001,0,0,0
"2016-01-28 17:30:00",50,1.783,355.3,3.099,1.29,0.398,1001,0,0,0
"2016-01-28 17:35:00",51,1.86,0.228,1.387,1.26,0.374,1001,0,0,0
"2016-01-28 17:40:00",52,2.087,356.1,1.651,1.212,0.326,1001,0,0,0
"2016-01-28 17:45:00",53,2.447,359.9,0.176,1.396,0.725,1001,0,0,0
"2016-01-28 17:50:00",54,2.732,358.7,1.105,1.732,1.015,1001,0,0,0
"2016-01-28 17:55:00",55,3.012,357,1.09,2.076,1.253,1001,0,0,0
"2016-01-28 18:00:00",56,2.94,356.3,1.281,1.996,1.175,1001,0,0,0
"2016-01-28 18:05:00",57,2.924,355.6,0.951,1.919,1.093,1001,0,0,0
"2016-01-28 18:10:00",58,2.951,357.9,1.124,1.954,1.098,1001,0,0,0
"2016-01-28 18:15:00",59,2.82,359.3,0.816,1.86,1.085,1001,0,0,0
"2016-01-28 18:20:00",60,3.015,1.739,2.004,1.94,1.146,1001,0,0,0
"2016-01-28 18:25:00",61,2.956,11.14,3.47,1.946,1.173,1001,0,0,0
"2016-01-28 18:30:00",62,2.914,15.59,3.407,1.927,1.237,1001,0,0,0
"2016-01-28 18:35:00",63,3.284,21.34,2.738,2.204,1.431,1001,0,0,0
"2016-01-28 18:40:00",64,3.388,12.01,3.338,2.226,1.421,1001,0,0,0
"2016-01-28 18:45:00",65,3.199,14.57,4.483,1.97,1.207,1001,0,0,0
"2016-01-28 18:50:00",66,3.252,21.8,2.853,2.207,1.394,1001,0,0,0
"2016-01-28 18:55:00",67,2.946,26.01,2.623,2.004,1.212,1001,0,0,0
"2016-01-28 19:00:00",68,1.647,35.54,4.276,1.127,0.208,1001,0,0,0
"2016-01-28 19:05:00",69,1.527,42.76,3.959,0.931,0.059,1001,0,0,0
"2016-01-28 19:10:00",70,2.394,55.52,7.525,1.436,0.297,1001,0,0,0
"2016-01-28 19:15:00",71,2.42,66.17,1.825,1.386,0.483,1001,0,0,0
"2016-01-28 19:20:00",72,2.258,60.26,3.978,1.199,0.291,1001,0,0,0
"2016-01-28 19:25:00",73,2.434,66.55,5.594,1.356,0.427,1001,0,0,0
"2016-01-28 19:30:00",74,2.431,70.16,4.011,1.3,0.273,1001,0,0,0
"2016-01-28 19:35:00",75,1.868,56.02,9.07,0.876,0.125,1001,0,0,0
"2016-01-28 19:40:00",76,1.812,62.22,7.608,1.042,0.131,1001,0,0,0
"2016-01-28 19:45:00",77,1.948,71.8,3.525,0.909,0.136,1001,0,0,0
"2016-01-28 19:50:00",78,1.791,77.78,7.311,1.082,0.018,1001,0,0,0
"2016-01-28 19:55:00",79,1.343,117.1,12.77,0.961,0.267,1001,0,0,0
"2016-01-28 20:00:00",80,2.098,127.8,3.821,1.551,0.782,1001,0,0,0
"2016-01-28 20:05:00",81,2.61,124.9,3.804,1.935,1.186,1001,0,0,0
"2016-01-28 20:10:00",82,2.796,123.1,3.178,1.964,1.261,1001,0,0,0
"2016-01-28 20:15:00",83,2.346,121.3,2.504,1.586,1.01,1001,0,0,0
"2016-01-28 20:20:00",84,2.178,111,5.668,1.522,0.559,1001,0,0,0
"2016-01-28 20:25:00",85,2.762,105.4,6.088,2.01,1.175,1001,0,0,0
"2016-01-28 20:30:00",86,2.519,97,4.237,1.578,0.826,1001,0,0,0
"2016-01-28 20:35:00",87,2.026,110.1,5.261,1.343,0.793,1001,0,0,0
"2016-01-28 20:40:00",88,1.546,117,5.493,0.96,0.347,1001,0,0,0
"2016-01-28 20:45:00",89,1.084,107,12.48,0.367,0.012,1001,0,0,0
"2016-01-28 20:50:00",90,0.514,49.19,27.07,0.531,0.131,1001,0,0,0
"2016-01-28 20:55:00",91,0.6,201.7,19.88,0.428,0.107,1001,0,0,0
"2016-01-28 21:00:00",92,0.974,273.4,17.92,1.124,0.485,1001,0,0,0
"2016-01-28 21:05:00",93,0.965,250.3,22.64,0.873,0.178,1001,0,0,0
"2016-01-28 21:10:00",94,0.864,204.5,6.206,0.827,0.338,1001,0,0,0
"2016-01-28 21:15:00",95,1.418,226.9,14.51,1.17,0.249,1001,0,0,0
"2016-01-28 21:20:00",96,1.346,260.1,8.88,0.758,0.154,1001,0,0,0
"2016-01-28 21:25:00",97,1.986,255.6,9.45,1.53,0.578,1001,0,0,0
"2016-01-28 21:30:00",98,1.879,235.1,5.819,1.295,0.45,1001,0,0,0
"2016-01-28 21:35:00",99,1.316,239.2,11.86,0.671,0.024,1001,0,0,0
"2016-01-28 21:40:00",100,1.73,210.6,3.971,1.172,0.309,1001,0,0,0
"2016-01-28 21:45:00",101,1.484,208.5,3.858,1.13,0.065,1001,0,0,0
"2016-01-28 21:50:00",102,2.3,199.6,7.099,1.916,0.899,1001,0,0,0
"2016-01-28 21:55:00",103,2.34,180.6,4.309,1.826,0.92,1001,0,0,0
"2016-01-28 22:00:00",104,1.871,176.5,2.914,1.378,0.16,1001,0,0,0
"2016-01-28 22:05:00",105,1.831,172.4,6.025,1.444,0.273,1001,0,0,0
"2016-01-28 22:10:00",106,1.751,149.1,12.3,1.308,0.162,1001,0,0,0
"2016-01-28 22:15:00",107,2.058,126.6,4.964,1.764,0.942,1001,0,0,0
"2016-01-28 22:20:00",108,2.434,125.2,2.213,1.887,1.189,1001,0,0,0
"2016-01-28 22:25:00",109,2.49,125.7,3.805,1.866,1.213,1001,0,0,0
"2016-01-28 22:30:00",110,2.039,131.1,9.56,1.458,0.717,1001,0,0,0
"2016-01-28 22:35:00",111,1.682,149.7,3.148,1.223,0.166,1001,0,0,0
"2016-01-28 22:40:00",112,2.05,144.7,2.363,1.647,0.702,1001,0,0,0
"2016-01-28 22:45:00",113,1.911,148.3,3.726,1.388,0.427,1001,0,0,0
"2016-01-28 22:50:00",114,2.231,157.2,3.344,1.687,0.805,1001,0,0,0
"2016-01-28 22:55:00",115,1.898,177.4,7.366,1.346,0.392,1001,0,0,0
"2016-01-28 23:00:00",116,1.65,158.1,7.422,1.088,0.22,1001,0,0,0
"2016-01-28 23:05:00",117,1.346,184.5,6.882,0.838,0.101,1001,0,0,0
"2016-01-28 23:10:00",118,1.106,207,12.23,0.243,0.018,1001,0,0,0
"2016-01-28 23:15:00",119,0.421,154.9,34.32,0.641,0.178,1001,0,0,0
"2016-01-28 23:20:00",120,0.967,132.2,30.42,0.956,0.095,1001,0,0,0
"2016-01-28 23:25:00",121,1.324,78.64,7.511,0.85,0.249,1001,0,0,0
"2016-01-28 23:30:00",122,1.532,79.75,1.96,1.455,0.51,1001,0,0,0
"2016-01-28 23:35:00",123,1.439,84.4,5.145,1.175,0.119,1001,0,0,0
"2016-01-28 23:40:00",124,1.298,52.25,20.41,1.367,0.737,1001,0,0,0
"2016-01-28 23:45:00",125,0.889,341.7,29.84,1.071,0.382,1001,0,0,0
"2016-01-28 23:50:00",126,1.059,77.11,5.148,0.59,0.071,1001,0,0,0
"2016-01-28 23:55:00",127,1.21,107.4,16.36,0.854,0.376,1001,0,0,0
"2016-01-29 00:00:00",128,1.146,96.8,11.24,0.86,0.142,1001,0,0,0
"2016-01-29 00:05:00",129,1.314,78.33,6.841,1.252,0.314,1001,0,0,0
"2016-01-29 00:10:00",130,1.439,73.07,4.254,1.292,0.249,1001,0,0,0
"2016-01-29 00:15:00",131,2.071,62.12,3.979,1.522,0.671,1001,0,0,0
"2016-01-29 00:20:00",132,2.503,51.88,2.593,1.562,0.795,1001,0,0,0
"2016-01-29 00:25:00",133,2.031,64.57,3.236,1.244,0.125,1001,0,0,0
"2016-01-29 00:30:00",134,1.956,55.32,2.976,1.394,0.611,1001,0,0,0
"2016-01-29 00:35:00",135,1.706,73.97,12.42,1.137,0.303,1001,0,0,0
"2016-01-29 00:40:00",136,1.343,100.2,5.201,1.028,0.326,1001,0,0,0
"2016-01-29 00:45:00",137,1.271,92.5,8.46,0.559,0,1001,0,0,0
"2016-01-29 00:50:00",138,1.431,99.7,12.62,0.919,0.19,1001,0,0,0
"2016-01-29 00:55:00",139,1.466,107.5,12.3,0.971,0.255,1001,0,0,0
"2016-01-29 01:00:00",140,1.29,81.1,7.764,0.806,0.053,1001,0,0,0
"2016-01-29 01:05:00",141,1.095,79.51,5.251,0.991,0.024,1001,0,0,0
"2016-01-29 01:10:00",142,1.354,69.05,12.44,1.194,0.237,1001,0,0,0
"2016-01-29 01:15:00",143,1.831,70.76,14.27,1.327,0.489,1001,0,0,0
"2016-01-29 01:20:00",144,2.234,83.5,5.012,1.375,0.469,1001,0,0,0
"2016-01-29 01:25:00",145,2.314,82.9,5.372,1.362,0.457,1001,0,0,0
"2016-01-29 01:30:00",146,2.263,85.6,4.682,1.37,0.433,1001,0,0,0
"2016-01-29 01:35:00",147,2.151,83,5.602,1.42,0.454,1001,0,0,0
"2016-01-29 01:40:00",148,1.172,80.5,5.622,0.59,0.012,1001,0,0,0
"2016-01-29 01:45:00",149,0.891,115.1,9.32,0.531,0.101,1001,0,0,0
"2016-01-29 01:50:00",150,1.079,130.4,6.979,0.847,0.225,1001,0,0,0
"2016-01-29 01:55:00",151,2.018,120.8,4.958,1.647,0.991,1001,0,0,0
"2016-01-29 02:00:00",152,2.391,103.2,7.57,1.658,0.594,1001,0,0,0
"2016-01-29 02:05:00",153,2.516,99.9,3.419,1.668,0.918,1001,0,0,0
"2016-01-29 02:10:00",154,2.3,118.5,5.811,1.706,1.178,1001,0,0,0
"2016-01-29 02:15:00",155,2.45,130.4,3.448,1.884,1.242,1001,0,0,0
"2016-01-29 02:20:00",156,2.09,147.2,6.815,1.423,0.799,1001,0,0,0
"2016-01-29 02:25:00",157,2.234,150.5,3.774,1.788,1.266,1001,0,0,0
"2016-01-29 02:30:00",158,2.002,131.8,11.25,1.564,1.151,1001,0,0,0
"2016-01-29 02:35:00",159,1.876,99.6,12.42,1.327,0.458,1001,0,0,0
"2016-01-29 02:40:00",160,1.996,101.6,8.68,1.327,0.616,1001,0,0,0
"2016-01-29 02:45:00",161,1.562,105.9,3.811,1.183,0.403,1001,0,0,0
"2016-01-29 02:50:00",162,1.354,107.2,3.055,1.236,0.623,1001,0,0,0
"2016-01-29 02:55:00",163,1.58,138.5,12.33,1.279,0.762,1001,0,0,0
"2016-01-29 03:00:00",164,1.906,173.9,12.27,1.583,0.815,1001,0,0,0
"2016-01-29 03:05:00",165,2.026,175.1,10.89,1.535,0.806,1001,0,0,0
"2016-01-29 03:10:00",166,2.367,157.4,9.01,1.836,1.191,1001,0,0,0
"2016-01-29 03:15:00",167,2.004,171.8,5.311,1.636,0.959,1001,0,0,0
"2016-01-29 03:20:00",168,1.636,187.5,7.493,1.276,0.303,1001,0,0,0
"2016-01-29 03:25:00",169,1.554,159.7,5.372,1.116,0.154,1001,0,0,0
"2016-01-29 03:30:00",170,2.071,145,4.124,1.554,0.705,1001,0,0,0
"2016-01-29 03:35:00",171,2.295,150.6,3.105,1.807,1.17,1001,0,0,0
"2016-01-29 03:40:00",172,2.223,151.1,5.36,1.772,1.149,1001,0,0,0
"2016-01-29 03:45:00",173,2.172,165.5,3.197,1.706,1.058,1001,0,0,0
"2016-01-29 03:50:00",174,2.332,167.1,2.88,1.815,1.135,1001,0,0,0
"2016-01-29 03:55:00",175,2.394,174.6,8.06,1.884,1.109,1001,0,0,0
"2016-01-29 04:00:00",176,1.93,177,7.902,1.514,0.883,1001,0,0,0
"2016-01-29 04:05:00",177,1.796,158.6,8.01,1.407,0.759,1001,0,0,0
"2016-01-29 04:10:00",178,2.047,141.2,4.821,1.618,0.912,1001,0,0,0
"2016-01-29 04:15:00",179,2.487,152.8,4.721,1.948,1.231,1001,0,0,0
"2016-01-29 04:20:00",180,2.551,127.9,11.28,2.015,1.325,1001,0,0,0
"2016-01-29 04:25:00",181,2.444,95.3,8.31,1.826,0.987,1001,0,0,0
"2016-01-29 04:30:00",182,2.298,98.3,4.025,1.647,0.976,1001,0,0,0
"2016-01-29 04:35:00",183,2.034,107.2,4.636,1.471,0.761,1001,0,0,0
"2016-01-29 04:40:00",184,2.14,91.8,13.66,1.508,0.649,1001,0,0,0
"2016-01-29 04:45:00",185,2.444,78.49,5.756,1.772,0.671,1001,0,0,0
"2016-01-29 04:50:00",186,2.482,91.6,9.09,1.951,1.07,1001,0,0,0
"2016-01-29 04:55:00",187,2.439,99.7,5.292,1.9,1.189,1001,0,0,0
"2016-01-29 05:00:00",188,2.652,99.2,4.729,2.031,1.207,1001,0,0,0
"2016-01-29 05:05:00",189,2.38,96.4,5.631,1.663,0.94,1001,0,0,0
"2016-01-29 05:10:00",190,2.442,102.6,4.819,1.948,1.189,1001,0,0,0
"2016-01-29 05:15:00",191,2.151,109.2,7.005,1.687,1.092,1001,0,0,0
"2016-01-29 05:20:00",192,1.583,95.7,10.24,1.17,0.403,1001,0,0,0
"2016-01-29 05:25:00",193,1.895,85.9,4.936,1.26,0.463,1001,0,0,0
"2016-01-29 05:30:00",194,1.162,98.5,5.549,1.002,0.344,1001,0,0,0
"2016-01-29 05:35:00",195,1.642,97.1,6.279,1.252,0.499,1001,0,0,0
"2016-01-29 05:40:00",196,1.996,110.8,4.236,1.439,0.813,1001,0,0,0
"2016-01-29 05:45:00",197,2.05,117.2,3.034,1.46,0.959,1001,0,0,0
"2016-01-29 05:50:00",198,1.951,105.3,5.755,1.412,0.676,1001,0,0,0
"2016-01-29 05:55:00",199,2.231,86.5,4.818,1.508,0.492,1001,0,0,0
"2016-01-29 06:00:00",200,1.935,101.3,9.15,1.444,0.855,1001,0,0,0
"2016-01-29 06:05:00",201,2.399,113.9,6.063,1.815,1.25,1001,0,0,0
"2016-01-29 06:10:00",202,2.706,115.6,3.478,2.178,1.527,1001,0,0,0
"2016-01-29 06:15:00",203,2.388,127.6,6.905,1.951,1.493,1001,0,0,0
"2016-01-29 06:20:00",204,2.108,121.2,6.696,1.647,1.072,1001,0,0,0
"2016-01-29 06:25:00",205,1.78,111.4,4.542,1.338,0.733,1001,0,0,0
"2016-01-29 06:30:00",206,1.436,99.8,4.715,1.103,0.202,1001,0,0,0
"2016-01-29 06:35:00",207,1.402,103.8,6.908,1.002,0.148,1001,0,0,0
"2016-01-29 06:40:00",208,1.927,115.6,4.164,1.471,0.681,1001,0,0,0
"2016-01-29 06:45:00",209,2.252,111.3,4.568,1.724,1.055,1001,0,0,0
"2016-01-29 06:50:00",210,2.546,119.3,4.135,2.071,1.522,1001,0,0,0
"2016-01-29 06:55:00",211,2.188,115.7,4.389,1.823,1.303,1001,0,0,0
"2016-01-29 07:00:00",212,2.116,106.3,3.64,1.74,1.063,1001,0,0,0
"2016-01-29 07:05:00",213,2.164,105,2.754,1.738,1.117,1001,0,0,0
"2016-01-29 07:10:00",214,1.5,110.5,8.68,1.116,0.483,1001,0,0,0
"2016-01-29 07:15:00",215,1.719,117.6,5.012,1.306,0.858,1001,0,0,0
"2016-01-29 07:20:00",216,1.468,131.1,5.68,1.156,0.895,1001,0,0,0
"2016-01-29 07:25:00",217,0.934,89.4,24.17,0.768,0.32,1001,0,0,0
"2016-01-29 07:30:00",218,1.572,78.64,8.39,1.258,0.559,1001,0,0,0
"2016-01-29 07:35:00",219,3.106,64.95,9.81,2.663,1.485,1001,0,0,0
"2016-01-29 07:40:00",220,2.855,81.8,6.499,2.412,1.167,1001,0,0,0
"2016-01-29 07:45:00",221,2.868,64.68,9.53,2.348,1.327,1001,0,0,0
"2016-01-29 07:50:00",222,2.647,65.24,9.49,2.26,1.305,1001,0,0,0
"2016-01-29 07:55:00",223,2.036,74.37,9.71,1.724,1.003,1001,0,0,0
"2016-01-29 08:00:00",224,1.804,91.4,9.11,1.527,0.908,1001,0,0,0
"2016-01-29 08:05:00",225,2.359,95.4,5.169,1.946,1.123,1001,0,0,0
"2016-01-29 08:10:00",226,2.772,95.5,4.913,2.271,1.333,1001,0,0,0
"2016-01-29 08:15:00",227,2.479,101.5,7.992,2.338,1.623,1001,0,0,0
"2016-01-29 08:20:00",228,2.135,127.3,10.43,1.964,1.583,1001,0,0,0
"2016-01-29 08:25:00",229,2.22,124.2,8.2,2.087,1.626,1001,0,0,0
"2016-01-29 08:30:00",230,2.588,118.4,7.787,2.455,1.813,1001,0,0,0
"2016-01-29 08:35:00",231,2.468,124.5,5.485,2.282,1.783,1001,0,0,0
"2016-01-29 08:40:00",232,2.079,133.8,7.87,1.948,1.565,1001,0,0,0
"2016-01-29 08:45:00",233,2.442,128.9,8.05,2.391,1.93,1001,0,0,0
"2016-01-29 08:50:00",234,2.751,116.3,7.143,2.599,1.935,1001,0,0,0
"2016-01-29 08:55:00",235,3.13,104.3,7.408,2.871,1.802,1001,0,0,0
"2016-01-29 09:00:00",236,2.658,105.6,8.27,2.394,1.61,1001,0,0,0
"2016-01-29 09:05:00",237,2.148,110.1,6.677,1.988,1.366,1001,0,0,0
"2016-01-29 09:10:00",238,2.25,113.5,8.84,2.1,1.567,1001,0,0,0
"2016-01-29 09:15:00",239,1.964,129,13.23,1.903,1.543,1001,0,0,0
"2016-01-29 09:20:00",240,1.415,152.4,19.45,1.305,1.075,1001,0,0,0
"2016-01-29 09:25:00",241,1.279,245.3,25.06,1.202,0.896,1001,0,0,0
"2016-01-29 09:30:00",242,0.696,331.6,32.68,0.639,0.483,1001,0,0,0
"2016-01-29 09:35:00",243,0.595,332,17.67,0.581,0.459,1001,0,0,0
"2016-01-29 09:40:00",244,0.858,5.969,28.26,0.764,0.552,1001,0,0,0
"2016-01-29 09:45:00",245,0.682,345.9,30.85,0.488,0.392,1001,0,0,0
"2016-01-29 09:50:00",246,1.1,16.01,23.36,0.975,0.783,1001,0,0,0
"2016-01-29 09:55:00",247,0.358,30.61,43.75,0.465,0.479,1001,0,0,0
"2016-01-29 10:00:00",248,0.198,10.67,19.45,0.305,0.468,1001,0,0,0
"2016-01-29 10:05:00",249,0.657,171.1,23.51,0.387,0.378,1001,0,0,0
"2016-01-29 10:10:00",250,1.276,159.9,22.51,1.174,1.023,1001,0,0,0
"2016-01-29 10:15:00",251,1.994,177.2,11.77,1.874,1.477,1001,0,0,0
"2016-01-29 10:20:00",252,1.706,167.7,7.959,1.623,1.359,1001,0,0,0
"2016-01-29 10:25:00",253,1.964,186.7,10.87,1.866,1.455,1001,0,0,0
"2016-01-29 10:30:00",254,1.951,198.3,8.57,1.823,1.383,1001,0,0,0
"2016-01-29 10:35:00",255,1.775,206.5,13.27,1.66,1.231,1001,0,0,0
"2016-01-29 10:40:00",256,1.391,214.4,18.52,1.275,0.952,1001,0,0,0
"2016-01-29 10:45:00",257,1.169,198.6,22.18,1.107,0.896,1001,0,0,0
"2016-01-29 10:50:00",258,1.77,199.5,14.07,1.636,1.246,1001,0,0,0
"2016-01-29 10:55:00",259,1.722,184.1,12.32,1.572,1.287,1001,0,0,0
"2016-01-29 11:00:00",260,1.73,173.2,21.75,1.607,1.324,1001,0,0,0
"2016-01-29 11:05:00",261,1.652,166.1,16.82,1.535,1.322,1001,0,0,0
"2016-01-29 11:10:00",262,1.724,196.6,25.85,1.626,1.247,1001,0,0,0
"2016-01-29 11:15:00",263,1.85,211.5,16.75,1.682,1.221,1001,0,0,0
"2016-01-29 11:20:00",264,2.268,229.3,16.92,2.058,1.351,1001,0,0,0
"2016-01-29 11:25:00",265,2.924,262.1,11.38,2.687,1.639,1001,0,0,0
"2016-01-29 11:30:00",266,3.559,256.8,7.327,3.204,1.914,1001,0,0,0
"2016-01-29 11:35:00",267,3.252,265.4,7.835,2.967,1.749,1001,0,0,0
"2016-01-29 11:40:00",268,3.284,260.6,8.71,2.986,1.722,1001,0,0,0
"2016-01-29 11:45:00",269,3.327,264.7,9.28,2.97,1.714,1001,0,0,0
"2016-01-29 11:50:00",270,3.196,268.7,9.54,2.842,1.687,1001,0,0,0
"2016-01-29 11:55:00",271,2.532,263.8,10.51,2.324,1.479,1001,0,0,0
"2016-01-29 12:00:00",272,2.7,261.9,10.56,2.508,1.551,1001,0,0,0
"2016-01-29 12:05:00",273,3.002,262.4,6.532,2.754,1.671,1001,0,0,0
"2016-01-29 12:10:00",274,2.314,272,13.35,2.175,1.45,1001,0,0,0
"2016-01-29 12:15:00",275,2.383,268.8,11.04,2.212,1.445,1001,0,0,0
"2016-01-29 12:20:00",276,2.114,271.3,16.12,2.031,1.391,1001,0,0,0
"2016-01-29 12:25:00",277,2.218,272.5,12.55,1.978,1.333,1001,0,0,0
"2016-01-29 12:30:00",278,1.748,274,14.34,1.591,1.121,1001,0,0,0
"2016-01-29 12:35:00",279,2.202,266.7,11.38,1.967,1.303,1001,0,0,0
"2016-01-29 12:40:00",280,2.602,276,12.94,2.439,1.575,1001,0,0,0
"2016-01-29 12:45:00",281,2.7,272.8,11.3,2.511,1.647,1001,0,0,0
"2016-01-29 12:50:00",282,2.218,264.8,10.13,2.108,1.381,1001,0,0,0
"2016-01-29 12:55:00",283,2.37,273.2,11.55,2.244,1.453,1001,0,0,0
"2016-01-29 13:00:00",284,2.407,277.5,11.13,2.244,1.487,1001,0,0,0
"2016-01-29 13:05:00",285,2.703,275,9.87,2.535,1.597,1001,0,0,0
"2016-01-29 13:10:00",286,2.644,279.9,10.26,2.386,1.517,1001,0,0,0
"2016-01-29 13:15:00",287,2.959,280.9,8.95,2.786,1.709,1001,0,0,0
"2016-01-29 13:20:00",288,2.634,273.9,13,2.412,1.525,1001,0,0,0
"2016-01-29 13:25:00",289,2.372,272.4,10.74,2.159,1.399,1001,0,0,0
"2016-01-29 13:30:00",290,2.29,261.1,8.69,2.124,1.381,1001,0,0,0
"2016-01-29 13:35:00",291,2.212,259.4,10.67,2.06,1.325,1001,0,0,0
"2016-01-29 13:40:00",292,2.284,268.7,12.58,2.127,1.402,1001,0,0,0
"2016-01-29 13:45:00",293,2.546,265.3,8.95,2.354,1.533,1001,0,0,0
"2016-01-29 13:50:00",294,2.674,267.1,13.69,2.391,1.482,1001,0,0,0
"2016-01-29 13:55:00",295,2.623,275,9.37,2.426,1.514,1001,0,0,0
"2016-01-29 14:00:00",296,2.988,280,11.57,2.74,1.722,1001,0,0,0
"2016-01-29 14:05:00",297,3.418,286.7,7.977,3.087,1.965,1001,0,0,0
"2016-01-29 14:10:00",298,3.391,292.6,9.1,3.095,1.954,1001,0,0,0
"2016-01-29 14:15:00",299,3.343,288.7,9.16,3.058,1.919,1001,0,0,0
"2016-01-29 14:20:00",300,3.124,289.3,8.02,2.804,1.765,1001,0,0,0
"2016-01-29 14:25:00",301,2.522,290.3,8.37,2.306,1.527,1001,0,0,0
"2016-01-29 14:30:00",302,2.396,303.1,8.62,2.252,1.533,1001,0,0,0
"2016-01-29 14:35:00",303,2.442,299.3,9.45,2.284,1.583,1001,0,0,0
"2016-01-29 14:40:00",304,2.796,286,8.23,2.524,1.637,1001,0,0,0
"2016-01-29 14:45:00",305,2.724,277.7,8.67,2.487,1.573,1001,0,0,0
"2016-01-29 14:50:00",306,2.596,281.4,10.16,2.308,1.458,1001,0,0,0
"2016-01-29 14:55:00",307,2.772,280.7,11.91,2.484,1.554,1001,0,0,0
"2016-01-29 15:00:00",308,2.719,297.7,6.031,2.578,1.757,1001,0,0,0
"2016-01-29 15:05:00",309,2.258,299.2,11.55,2.068,1.482,1001,0,0,0
"2016-01-29 15:10:00",310,1.983,309.3,8.92,1.863,1.354,1001,0,0,0
"2016-01-29 15:15:00",311,1.812,307.4,8.17,1.746,1.253,1001,0,0,0
"2016-01-29 15:20:00",312,1.73,296.5,10.5,1.61,1.188,1001,0,0,0
"2016-01-29 15:25:00",313,1.762,307.4,12.82,1.684,1.245,1001,0,0,0
"2016-01-29 15:30:00",314,1.978,317.4,7.745,1.895,1.418,1001,0,0,0
"2016-01-29 15:35:00",315,1.855,302.2,7.814,1.772,1.269,1001,0,0,0
"2016-01-29 15:40:00",316,1.319,292.6,13.35,1.274,0.904,1001,0,0,0
"2016-01-29 15:45:00",317,1.255,279.3,25.01,1.186,0.852,1001,0,0,0
"2016-01-29 15:50:00",318,1.319,311.6,11.57,1.258,0.989,1001,0,0,0
"2016-01-29 15:55:00",319,1.298,308.6,12.13,1.279,1.031,1001,0,0,0
"2016-01-29 16:00:00",320,1.097,317.1,17.24,1.027,0.796,1001,0,0,0
"2016-01-29 16:05:00",321,0.395,329.6,13.8,0.367,0.267,1001,0,0,0
"2016-01-29 16:10:00",322,1.043,335,15.09,0.965,0.784,1001,0,0,0
"2016-01-29 16:15:00",323,1.45,324.9,8.16,1.399,1.079,1001,0,0,0
"2016-01-29 16:20:00",324,1.42,340.6,10.64,1.378,1.109,1001,0,0,0
"2016-01-29 16:25:00",325,1.5,320.7,5.565,1.439,1.058,1001,0,0,0
"2016-01-29 16:30:00",326,1.564,331.6,5.487,1.535,1.141,1001,0,0,0
"2016-01-29 16:35:00",327,1.252,341.4,6.668,1.215,0.958,1001,0,0,0
"2016-01-29 16:40:00",328,1.02,343.9,4.056,1.026,0.791,1001,0,0,0
"2016-01-29 16:45:00",329,0.853,2.693,10.38,0.766,0.516,1001,0,0,0
"2016-01-29 16:50:00",330,0.785,23.65,7.485,0.61,0.261,1001,0,0,0
"2016-01-29 16:55:00",331,0.91,12.75,8.33,0.812,0.457,1001,0,0,0
"2016-01-29 17:00:00",332,1.154,355.8,7.956,1.018,0.581,1001,0,0,0
"2016-01-29 17:05:00",333,1.268,335.3,6.036,1.103,0.534,1001,0,0,0
"2016-01-29 17:10:00",334,1.492,337.6,6.406,1.111,0.504,1001,0,0,0
"2016-01-29 17:15:00",335,1.476,338.8,10.16,1.108,0.54,1001,0,0,0
"2016-01-29 17:20:00",336,1.423,8.78,6.46,1.066,0.457,1001,0,0,0
"2016-01-29 17:25:00",337,1.116,58.73,26.53,0.757,0.198,1001,0,0,0
"2016-01-29 17:30:00",338,1.487,91,29.96,1.292,0.736,1001,0,0,0
"2016-01-29 17:35:00",339,1.399,16.95,12.13,1.014,0.481,1001,0,0,0
"2016-01-29 17:40:00",340,1.164,10.35,7.941,0.446,0.006,1001,0,0,0
"2016-01-29 17:45:00",341,1.247,23.87,4.585,0.433,0.095,1001,0,0,0
"2016-01-29 17:50:00",342,1.126,12.69,9.76,0.575,0.083,1001,0,0,0
"2016-01-29 17:55:00",343,2.002,8.04,4.205,1.465,0.759,1001,0,0,0
"2016-01-29 18:00:00",344,1.98,17.32,2.494,1.282,0.488,1001,0,0,0
"2016-01-29 18:05:00",345,1.42,39.27,9.07,0.848,0.053,1001,0,0,0
"2016-01-29 18:10:00",346,1.127,30.39,7.216,0.599,0.065,1001,0,0,0
"2016-01-29 18:15:00",347,1.628,29.64,11.53,1.052,0.184,1001,0,0,0
"2016-01-29 18:20:00",348,2.378,35.84,5.563,1.522,0.892,1001,0,0,0
"2016-01-29 18:25:00",349,1.927,35.02,3.674,1.298,0.681,1001,0,0,0
"2016-01-29 18:30:00",350,1.775,38.3,3.292,1.05,0.237,1001,0,0,0
"2016-01-29 18:35:00",351,2.695,56.86,8.97,1.572,0.568,1001,0,0,0
"2016-01-29 18:40:00",352,2.415,62.24,4.433,1.402,0.56,1001,0,0,0
"2016-01-29 18:45:00",353,2.271,68.04,4.646,1.447,0.713,1001,0,0,0
"2016-01-29 18:50:00",354,2.228,76.18,5.746,1.282,0.338,1001,0,0,0
"2016-01-29 18:55:00",355,1.908,79.71,5.246,1.111,0.261,1001,0,0,0
"2016-01-29 19:00:00",356,1.868,78.03,4.31,1.106,0.178,1001,0,0,0
"2016-01-29 19:05:00",357,1.802,77.63,4.237,1.044,0.071,1001,0,0,0
"2016-01-29 19:10:00",358,1.906,66.99,3.669,0.958,0.065,1001,0,0,0
"2016-01-29 19:15:00",359,2.271,65.44,2.076,1.255,0.409,1001,0,0,0
"2016-01-29 19:20:00",360,2.244,65.02,4.053,1.226,0.237,1001,0,0,0
"2016-01-29 19:25:00",361,2.036,61.7,2.641,1.09,0.083,1001,0,0,0
"2016-01-29 19:30:00",362,1.692,61.52,2.189,0.898,0,1001,0,0,0
"2016-01-29 19:35:00",363,1.562,56.05,4.176,0.248,0,1001,0,0,0
"2016-01-29 19:40:00",364,1.178,60.37,5.18,0,0.095,1001,0,0,0
"2016-01-29 19:45:00",365,1.026,72.54,7.535,0.107,0,1001,0,0,0
"2016-01-29 19:50:00",366,1.004,80.8,5.426,0.141,0,1001,0,0,0
"2016-01-29 19:55:00",367,1.052,74.51,7.224,0.017,0,1001,0,0,0
"2016-01-29 20:00:00",368,0.964,58.95,6.585,0,0.314,1001,0,0,0
"2016-01-29 20:05:00",369,0.956,19.51,15.98,0.085,0.285,1001,0,0,0
"2016-01-29 20:10:00",370,0.623,11.44,12.11,0.011,0.018,1001,0,0,0
"2016-01-29 20:15:00",371,0.89,60.96,22.1,0.062,0.059,1001,0,0,0
"2016-01-29 20:20:00",372,1.276,60.86,3.799,0.7,0.083,1001,0,0,0
"2016-01-29 20:25:00",373,1.655,51.45,4.039,1.086,0.012,1001,0,0,0
"2016-01-29 20:30:00",374,1.746,53.92,4.847,1.239,0.012,1001,0,0,0
"2016-01-29 20:35:00",375,1.466,58.72,6.545,0.919,0,1001,0,0,0
"2016-01-29 20:40:00",376,2.127,38.96,5.709,1.439,0.394,1001,0,0,0
"2016-01-29 20:45:00",377,2.268,43.84,4.569,1.503,0.576,1001,0,0,0
"2016-01-29 20:50:00",378,2.303,46.06,1.529,1.466,0.581,1001,0,0,0
"2016-01-29 20:55:00",379,2.388,51.49,2.501,1.508,0.475,1001,0,0,0
"2016-01-29 21:00:00",380,1.967,53.25,1.802,1.005,0.154,1001,0,0,0
"2016-01-29 21:05:00",381,1.962,54.36,1.85,1.252,0.178,1001,0,0,0
"2016-01-29 21:10:00",382,1.906,57.12,4.665,0.972,0.024,1001,0,0,0
"2016-01-29 21:15:00",383,2.22,85.3,11.65,1.508,0.874,1001,0,0,0
"2016-01-29 21:20:00",384,2.546,81,5.31,1.551,0.693,1001,0,0,0
"2016-01-29 21:25:00",385,2.356,70.23,5.34,1.375,0.415,1001,0,0,0
"2016-01-29 21:30:00",386,2.287,64.75,5.312,1.399,0.551,1001,0,0,0
"2016-01-29 21:35:00",387,2.436,70.7,4.06,1.372,0.344,1001,0,0,0
"2016-01-29 21:40:00",388,1.919,70.56,4.778,1.032,0.202,1001,0,0,0
"2016-01-29 21:45:00",389,1.844,66.79,3.074,1.146,0.249,1001,0,0,0
"2016-01-29 21:50:00",390,1.802,79.7,10.45,1.228,0.35,1001,0,0,0
"2016-01-29 21:55:00",391,1.399,109.9,19.99,1.111,0.338,1001,0,0,0
"2016-01-29 22:00:00",392,1.647,94.4,8.06,1.156,0.483,1001,0,0,0
"2016-01-29 22:05:00",393,1.615,83.8,14.07,0.994,0.38,1001,0,0,0
"2016-01-29 22:10:00",394,1.519,111,12.88,1.106,0.35,1001,0,0,0
"2016-01-29 22:15:00",395,1.642,125.4,8.33,1.134,0.374,1001,0,0,0
"2016-01-29 22:20:00",396,1.732,172.9,18.92,1.431,0.787,1001,0,0,0
"2016-01-29 22:25:00",397,2.012,176.3,6.81,1.575,0.978,1001,0,0,0
"2016-01-29 22:30:00",398,1.53,157.1,4.783,1.052,0.439,1001,0,0,0
"2016-01-29 22:35:00",399,1.498,177.9,8.85,1.148,0.528,1001,0,0,0
"2016-01-29 22:40:00",400,1.919,214.9,9.6,1.439,0.682,1001,0,0,0
"2016-01-29 22:45:00",401,1.652,238.4,8.56,1.29,0.543,1001,0,0,0
"2016-01-29 22:50:00",402,1.346,230,10.63,0.486,0.006,1001,0,0,0
"2016-01-29 22:55:00",403,0.9,215.9,14.66,0.119,0.024,1001,0,0,0
"2016-01-29 23:00:00",404,1.215,204.9,15.15,0.718,0.237,1001,0,0,0
"2016-01-29 23:05:00",405,1.268,192.8,11.14,0.47,0.107,1001,0,0,0
"2016-01-29 23:10:00",406,1.543,193.1,5.969,0.78,0.053,1001,0,0,0
"2016-01-29 23:15:00",407,1.514,189.9,2.456,0.943,0.006,1001,0,0,0
"2016-01-29 23:20:00",408,1.132,195.9,13.22,0.318,0.042,1001,0,0,0
"2016-01-29 23:25:00",409,0.119,206.7,0.012,0.695,0.255,1001,0,0,0
"2016-01-29 23:30:00",410,0.697,179.4,10.5,0.51,0.024,1001,0,0,0
"2016-01-29 23:35:00",411,1.188,208.7,1.911,0.446,0.237,1001,0,0,0
"2016-01-29 23:40:00",412,1.314,216.8,1.666,0.731,0.065,1001,0,0,0
"2016-01-29 23:45:00",413,1.215,186.3,9.62,0.26,0.006,1001,0,0,0
"2016-01-29 23:50:00",414,1.162,187.5,2.874,0.593,0,1001,0,0,0
"2016-01-29 23:55:00",415,0.937,226.8,22.66,0.905,0.166,1001,0,0,0
"2016-01-30 00:00:00",416,0.927,218.1,17.13,0.637,0.208,1001,0,0,0
"2016-01-30 00:05:00",417,1.636,178.6,11.99,1.482,0.896,1001,0,0,0
"2016-01-30 00:10:00",418,1.484,143.2,10.72,1.399,0.421,1001,0,0,0
"2016-01-30 00:15:00",419,1.61,126.5,8.47,1.057,0.024,1001,0,0,0
"2016-01-30 00:20:00",420,1.812,140.9,4.093,1.303,0.51,1001,0,0,0
"2016-01-30 00:25:00",421,1.887,143.4,3.022,1.33,0.368,1001,0,0,0
"2016-01-30 00:30:00",422,1.708,124.7,4.594,1.26,0.214,1001,0,0,0
"2016-01-30 00:35:00",423,1.618,140.2,7.185,1.082,0.107,1001,0,0,0
"2016-01-30 00:40:00",424,1.738,153.1,2.786,1.242,0.285,1001,0,0,0
"2016-01-30 00:45:00",425,1.57,157.1,3.603,1.266,0.261,1001,0,0,0
"2016-01-30 00:50:00",426,1.535,155.7,1.81,1.207,0.071,1001,0,0,0
"2016-01-30 00:55:00",427,1.306,150.9,1.806,0.894,0,1001,0,0,0
"2016-01-30 01:00:00",428,1.271,102.3,26.71,1.092,0.309,1001,0,0,0
"2016-01-30 01:05:00",429,1.692,86.6,8.78,1.343,0.332,1001,0,0,0
"2016-01-30 01:10:00",430,2.207,75.03,8.42,1.487,0.669,1001,0,0,0
"2016-01-30 01:15:00",431,2.186,83.8,6.933,1.324,0.549,1001,0,0,0
"2016-01-30 01:20:00",432,1.647,104.6,3.169,1.012,0.314,1001,0,0,0
"2016-01-30 01:25:00",433,1.972,91.7,2.769,1.378,0.314,1001,0,0,0
"2016-01-30 01:30:00",434,2.26,90.1,4.615,1.404,0.362,1001,0,0,0
"2016-01-30 01:35:00",435,2.228,110,3.841,1.5,0.939,1001,0,0,0
"2016-01-30 01:40:00",436,2.255,117.3,4.304,1.535,0.959,1001,0,0,0
"2016-01-30 01:45:00",437,2.167,114,3.208,1.428,0.885,1001,0,0,0
"2016-01-30 01:50:00",438,1.887,100.1,7.18,1.316,0.439,1001,0,0,0
"2016-01-30 01:55:00",439,1.81,101.4,3.429,1.33,0.632,1001,0,0,0
"2016-01-30 02:00:00",440,2.303,109.4,4.29,1.754,1.049,1001,0,0,0
"2016-01-30 02:05:00",441,1.938,104.7,7.737,1.372,0.797,1001,0,0,0
"2016-01-30 02:10:00",442,1.77,91.5,14.55,1.332,0.546,1001,0,0,0
"2016-01-30 02:15:00",443,1.711,79.07,10.49,1.231,0.602,1001,0,0,0
"2016-01-30 02:20:00",444,1.756,86.3,5.367,1.324,0.498,1001,0,0,0
"2016-01-30 02:25:00",445,2.41,81.3,3.886,1.804,0.76,1001,0,0,0
"2016-01-30 02:30:00",446,2.306,76.72,4.739,1.604,0.563,1001,0,0,0
"2016-01-30 02:35:00",447,2.25,72.9,6.223,1.58,0.88,1001,0,0,0
"2016-01-30 02:40:00",448,2.407,86.1,6.155,1.636,0.776,1001,0,0,0
"2016-01-30 02:45:00",449,2.228,98.1,5.509,1.583,0.987,1001,0,0,0
"2016-01-30 02:50:00",450,2.116,91.5,6.353,1.484,0.54,1001,0,0,0
"2016-01-30 02:55:00",451,1.724,96.5,3.321,1.266,0.291,1001,0,0,0
"2016-01-30 03:00:00",452,1.762,86.9,4.602,1.138,0.243,1001,0,0,0
"2016-01-30 03:05:00",453,1.858,110.7,10.83,1.418,0.786,1001,0,0,0
"2016-01-30 03:10:00",454,1.983,117.1,10.14,1.41,0.702,1001,0,0,0
"2016-01-30 03:15:00",455,1.802,89.6,6.14,1.266,0.225,1001,0,0,0
"2016-01-30 03:20:00",456,2.071,105.2,4.859,1.591,0.865,1001,0,0,0
"2016-01-30 03:25:00",457,2.063,93.7,4.308,1.431,0.528,1001,0,0,0
"2016-01-30 03:30:00",458,2.028,77.97,5.57,1.335,0.398,1001,0,0,0
"2016-01-30 03:35:00",459,2.242,80.4,5.79,1.484,0.451,1001,0,0,0
"2016-01-30 03:40:00",460,2.316,58.57,6.787,1.708,0.998,1001,0,0,0
"2016-01-30 03:45:00",461,2.719,56.55,4.416,1.938,1.106,1001,0,0,0
"2016-01-30 03:50:00",462,2.991,65.05,5.361,1.919,0.939,1001,0,0,0
"2016-01-30 03:55:00",463,2.471,71.04,10.93,1.7,0.923,1001,0,0,0
"2016-01-30 04:00:00",464,2.362,97.9,7.083,1.591,0.979,1001,0,0,0
"2016-01-30 04:05:00",465,2.511,104.7,6.037,1.767,1.109,1001,0,0,0
"2016-01-30 04:10:00",466,2.746,118.6,3.834,2.116,1.498,1001,0,0,0
"2016-01-30 04:15:00",467,2.884,117.2,5.311,2.21,1.602,1001,0,0,0
"2016-01-30 04:20:00",468,3.178,115.1,3.83,2.463,1.658,1001,0,0,0
"2016-01-30 04:25:00",469,3.17,114.7,4.787,2.45,1.709,1001,0,0,0
"2016-01-30 04:30:00",470,2.93,107.6,6.436,2.306,1.498,1001,0,0,0
"2016-01-30 04:35:00",471,3.17,101.2,4.996,2.338,1.383,1001,0,0,0
"2016-01-30 04:40:00",472,3.626,104.7,4.285,2.956,1.89,1001,0,0,0
"2016-01-30 04:45:00",473,3.194,106.4,5.196,2.698,1.714,1001,0,0,0
"2016-01-30 04:50:00",474,2.599,95.1,6.011,1.943,1.075,1001,0,0,0
"2016-01-30 04:55:00",475,2.892,91.7,4.912,2.047,1.048,1001,0,0,0
"2016-01-30 05:00:00",476,2.788,97.8,4.167,2.082,1.242,1001,0,0,0
"2016-01-30 05:05:00",477,2.719,85.3,7.26,1.89,0.942,1001,0,0,0
"2016-01-30 05:10:00",478,2.015,97.9,6.906,1.508,0.905,1001,0,0,0
"2016-01-30 05:15:00",479,2.487,96.3,4.523,1.751,1.025,1001,0,0,0
"2016-01-30 05:20:00",480,2.756,93.1,4.12,1.89,1.095,1001,0,0,0
"2016-01-30 05:25:00",481,2.975,98.7,4.1,2.228,1.311,1001,0,0,0
"2016-01-30 05:30:00",482,2.914,104.3,5.098,2.503,1.602,1001,0,0,0
"2016-01-30 05:35:00",483,2.812,105.9,4.753,2.364,1.567,1001,0,0,0
"2016-01-30 05:40:00",484,2.226,95,6.192,1.65,0.982,1001,0,0,0
"2016-01-30 05:45:00",485,2.194,84.2,10.33,1.604,0.736,1001,0,0,0
"2016-01-30 05:50:00",486,2.516,82.7,5.821,1.714,0.7,1001,0,0,0
"2016-01-30 05:55:00",487,2.634,78.73,4.91,1.914,0.764,1001,0,0,0
"2016-01-30 06:00:00",488,2.604,77.76,5.183,1.7,0.798,1001,0,0,0
"2016-01-30 06:05:00",489,2.292,81.6,3.522,1.479,0.495,1001,0,0,0
"2016-01-30 06:10:00",490,2.234,88.5,3.548,1.354,0.599,1001,0,0,0
"2016-01-30 06:15:00",491,2.132,79.81,11.47,1.308,0.581,1001,0,0,0
"2016-01-30 06:20:00",492,2.175,57.84,2.747,1.351,0.732,1001,0,0,0
"2016-01-30 06:25:00",493,2.039,71.2,5.619,0.996,0.077,1001,0,0,0
"2016-01-30 06:30:00",494,1.692,69.49,7.374,0.719,0.024,1001,0,0,0
"2016-01-30 06:35:00",495,1.7,45.89,13.99,0.993,0.089,1001,0,0,0
"2016-01-30 06:40:00",496,0.997,32.01,32.26,0.46,0.077,1001,0,0,0
"2016-01-30 06:45:00",497,1.282,74.08,10.3,0.634,0.012,1001,0,0,0
"2016-01-30 06:50:00",498,1.127,96.1,12.86,0.474,0.095,1001,0,0,0
"2016-01-30 06:55:00",499,1.156,37.37,20.76,0.458,0.314,1001,0,0,0
"2016-01-30 07:00:00",500,0.215,24.41,6.228,0.208,0.172,1001,0,0,0
"2016-01-30 07:05:00",501,0.356,84.8,4.09,0.198,0.059,1001,0,0,0
"2016-01-30 07:10:00",502,1.026,84.9,4.148,0.615,0,1001,0,0,0
"2016-01-30 07:15:00",503,0.924,114.6,8.64,0.64,0.332,1001,0,0,0
"2016-01-30 07:20:00",504,1.255,102.5,9.19,0.762,0.119,1001,0,0,0
"2016-01-30 07:25:00",505,1.895,103.7,13.65,1.188,0.394,1001,0,0,0
"2016-01-30 07:30:00",506,0.54,101.2,41.77,0.335,0.35,1001,0,0,0
"2016-01-30 07:35:00",507,0.938,19.77,20.88,1.034,0.765,1001,0,0,0
"2016-01-30 07:40:00",508,1.167,87.5,14.29,0.972,0.338,1001,0,0,0
"2016-01-30 07:45:00",509,1.402,108.6,12.31,0.999,0.664,1001,0,0,0
"2016-01-30 07:50:00",510,1.706,106.9,8.07,1.42,0.985,1001,0,0,0
"2016-01-30 07:55:00",511,1.631,89.8,11.25,1.284,0.534,1001,0,0,0
"2016-01-30 08:00:00",512,2.21,81.7,4.285,1.802,0.835,1001,0,0,0
"2016-01-30 08:05:00",513,2.503,93.7,6.358,1.948,1.181,1001,0,0,0
"2016-01-30 08:10:00",514,2.322,103.3,6.878,1.98,1.319,1001,0,0,0
"2016-01-30 08:15:00",515,2.583,98.9,9.84,2.004,1.239,1001,0,0,0
"2016-01-30 08:20:00",516,2.866,103.1,10.49,2.362,1.474,1001,0,0,0
"2016-01-30 08:25:00",517,2.946,102.5,6.589,2.551,1.559,1001,0,0,0
"2016-01-30 08:30:00",518,2.759,99.3,9.44,2.431,1.509,1001,0,0,0
"2016-01-30 08:35:00",519,3.055,109.5,7.825,2.732,1.874,1001,0,0,0
"2016-01-30 08:40:00",520,3.498,105.7,6.048,3.218,2.069,1001,0,0,0
"2016-01-30 08:45:00",521,3.458,105.7,8.13,2.991,1.818,1001,0,0,0
"2016-01-30 08:50:00",522,4.562,110.4,5.944,3.871,2.519,1001,0,0,0
"2016-01-30 08:55:00",523,4.25,111.9,7.859,3.719,2.543,1001,0,0,0
"2016-01-30 09:00:00",524,4.242,118,5.854,3.86,2.786,1001,0,0,0
"2016-01-30 09:05:00",525,4.116,113.2,7.229,3.676,2.447,1001,0,0,0
"2016-01-30 09:10:00",526,4.463,115.3,6.921,4.034,2.789,1001,0,0,0
"2016-01-30 09:15:00",527,4.282,110.7,6.812,3.716,2.431,1001,0,0,0
"2016-01-30 09:20:00",528,4.612,112.6,6.259,4.119,2.695,1001,0,0,0
"2016-01-30 09:25:00",529,4.319,110.8,6.462,3.852,2.645,1001,0,0,0
"2016-01-30 09:30:00",530,4.5,110.7,7.34,3.93,2.519,1001,0,0,0
"2016-01-30 09:35:00",531,4.546,113,8.4,4.178,2.903,1001,0,0,0
"2016-01-30 09:40:00",532,5.172,120.2,6.463,4.554,3.293,1001,0,0,0
"2016-01-30 09:45:00",533,4.743,117.8,8.62,4.239,2.973,1001,0,0,0
"2016-01-30 09:50:00",534,4.679,115.8,7.73,4.146,2.986,1001,0,0,0
"2016-01-30 09:55:00",535,4.588,118.2,7.705,4.17,3.037,1001,0,0,0
"2016-01-30 10:00:00",536,4.786,118.7,7.21,4.194,2.97,1001,0,0,0
"2016-01-30 10:05:00",537,4.978,126.8,5.561,4.439,3.357,1001,0,0,0
"2016-01-30 10:10:00",538,4.106,120.6,8.02,3.618,2.637,1001,0,0,0
"2016-01-30 10:15:00",539,4.567,117,9.41,4.151,2.975,1001,0,0,0
"2016-01-30 10:20:00",540,4.455,124.3,7.339,4.036,2.997,1001,0,0,0
"2016-01-30 10:25:00",541,3.508,112.9,8.96,3.236,2.351,1001,0,0,0
"2016-01-30 10:30:00",542,4.348,110.3,9.75,3.943,2.674,1001,0,0,0
"2016-01-30 10:35:00",543,3.972,108.7,14.01,3.471,2.391,1001,0,0,0
"2016-01-30 10:40:00",544,4.175,121.2,8.72,3.794,2.829,1001,0,0,0
"2016-01-30 10:45:00",545,3.964,115.2,10.82,3.572,2.533,1001,0,0,0
"2016-01-30 10:50:00",546,3.708,108.1,7.735,3.276,2.175,1001,0,0,0
"2016-01-30 10:55:00",547,4.268,114.7,7.539,3.767,2.666,1001,0,0,0
"2016-01-30 11:00:00",548,3.695,116.6,7.838,3.407,2.551,1001,0,0,0
"2016-01-30 11:05:00",549,3.612,105.1,8.87,3.274,2.141,1001,0,0,0
"2016-01-30 11:10:00",550,4.135,98.1,7.292,3.642,2.109,1001,0,0,0
"2016-01-30 11:15:00",551,3.839,97,12.93,3.38,2.002,1001,0,0,0
"2016-01-30 11:20:00",552,3.228,109.7,14.29,2.964,2.101,1001,0,0,0
"2016-01-30 11:25:00",553,3.271,94.7,12.84,3.02,1.797,1001,0,0,0
"2016-01-30 11:30:00",554,3.687,100.8,11.45,3.212,2.047,1001,0,0,0
"2016-01-30 11:35:00",555,3.183,100.1,9.4,2.836,1.794,1001,0,0,0
"2016-01-30 11:40:00",556,3.364,97.5,8.26,2.956,1.81,1001,0,0,0
"2016-01-30 11:45:00",557,3.852,86.6,12.05,3.335,1.751,1001,0,0,0
"2016-01-30 11:50:00",558,3.212,72.94,14.33,2.767,1.583,1001,0,0,0
"2016-01-30 11:55:00",559,3.298,89.7,9.79,2.812,1.618,1001,0,0,0
"2016-01-30 12:00:00",560,3.807,68.52,15.62,3.274,1.935,1001,0,0,0
"2016-01-30 12:05:00",561,3.431,54,11.08,3.18,2.034,1001,0,0,0
"2016-01-30 12:10:00",562,3.164,73.07,12.34,2.78,1.442,1001,0,0,0
"2016-01-30 12:15:00",563,3.378,66.18,10.94,2.876,1.591,1001,0,0,0
"2016-01-30 12:20:00",564,3.234,71.33,14.78,2.812,1.591,1001,0,0,0
"2016-01-30 12:25:00",565,2.77,69.26,18.82,2.423,1.514,1001,0,0,0
"2016-01-30 12:30:00",566,2.436,81.7,23.72,2.122,1.436,1001,0,0,0
"2016-01-30 12:35:00",567,2.54,84.7,18.81,2.239,1.471,1001,0,0,0
"2016-01-30 12:40:00",568,1.315,65.99,63.35,1.454,1.211,1001,0,0,0
"2016-01-30 12:45:00",569,0.88,106.2,33.72,0.861,0.671,1001,0,0,0
"2016-01-30 12:50:00",570,1.052,56.45,37.23,0.991,0.812,1001,0,0,0
"2016-01-30 12:55:00",571,0.547,50.25,38.43,0.601,0.541,1001,0,0,0
"2016-01-30 13:00:00",572,1.666,186.8,36.33,1.554,1.208,1001,0,0,0
"2016-01-30 13:05:00",573,1.959,157,38.28,1.868,1.458,1001,0,0,0
"2016-01-30 13:10:00",574,2.028,178.8,15.97,1.972,1.577,1001,0,0,0
"2016-01-30 13:15:00",575,1.582,185.8,32.37,1.395,1.094,1001,0,0,0
"2016-01-30 13:20:00",576,2.57,249.3,14.06,2.303,1.509,1001,0,0,0
"2016-01-30 13:25:00",577,3.452,275.5,11.65,3.263,1.989,1001,0,0,0
"2016-01-30 13:30:00",578,3.831,287.4,15.25,3.452,2.117,1001,0,0,0
"2016-01-30 13:35:00",579,4.074,275.3,13.8,3.724,2.175,1001,0,0,0
"2016-01-30 13:40:00",580,3.308,286.2,14.51,3.071,1.943,1001,0,0,0
"2016-01-30 13:45:00",581,3.834,289.5,11.73,3.447,2.149,1001,0,0,0
"2016-01-30 13:50:00",582,3.86,277.6,10.39,3.62,2.119,1001,0,0,0
"2016-01-30 13:55:00",583,3.682,282.5,9.03,3.258,1.943,1001,0,0,0
"2016-01-30 14:00:00",584,3.274,283.9,8.37,2.98,1.847,1001,0,0,0
"2016-01-30 14:05:00",585,3.114,263.4,8.96,2.908,1.703,1001,0,0,0
"2016-01-30 14:10:00",586,4.028,266.5,6.735,3.588,2.119,1001,0,0,0
"2016-01-30 14:15:00",587,3.706,273.6,6.906,3.298,1.935,1001,0,0,0
"2016-01-30 14:20:00",588,3.338,269.9,9.74,3.066,1.813,1001,0,0,0
"2016-01-30 14:25:00",589,3.114,259.3,10.05,2.924,1.719,1001,0,0,0
"2016-01-30 14:30:00",590,3.338,277.2,9.89,3.071,1.826,1001,0,0,0
"2016-01-30 14:35:00",591,3.023,247.1,8.85,2.7,1.621,1001,0,0,0
"2016-01-30 14:40:00",592,2.09,241.9,11.24,1.94,1.261,1001,0,0,0
"2016-01-30 14:45:00",593,2.642,265.3,12.05,2.452,1.511,1001,0,0,0
"2016-01-30 14:50:00",594,2.962,275.3,19.77,2.732,1.727,1001,0,0,0
"2016-01-30 14:55:00",595,2.492,277.9,8.37,2.239,1.458,1001,0,0,0
"2016-01-30 15:00:00",596,2.663,308.2,12.11,2.516,1.725,1001,0,0,0
"2016-01-30 15:05:00",597,2.45,338.3,34.42,2.378,1.754,1001,0,0,0
"2016-01-30 15:10:00",598,3.236,309.1,21.99,2.988,1.986,1001,0,0,0
"2016-01-30 15:15:00",599,2.004,190.1,20.67,1.858,1.399,1001,0,0,0
"2016-01-30 15:20:00",600,3.09,254.7,34.36,2.775,1.702,1001,0,0,0
"2016-01-30 15:25:00",601,1.794,223.7,23.96,1.591,1.06,1001,0,0,0
"2016-01-30 15:30:00",602,2.226,277.5,26.06,2.007,1.31,1001,0,0,0
"2016-01-30 15:35:00",603,2.162,316.8,12.36,2.148,1.521,1001,0,0,0
"2016-01-30 15:40:00",604,2.202,309.7,10.43,2.036,1.432,1001,0,0,0
"2016-01-30 15:45:00",605,1.543,322.1,14.69,1.5,1.179,1001,0,0,0
"2016-01-30 15:50:00",606,1.718,152.1,68.02,1.537,1.19,1001,0,0,0
"2016-01-30 15:55:00",607,1.748,211.2,37.46,1.543,1.064,1001,0,0,0
"2016-01-30 16:00:00",608,3.146,181,17.49,2.767,2.053,1001,0,0,0
"2016-01-30 16:05:00",609,3.644,195.8,25.41,3.098,2.077,1001,0,0,0
"2016-01-30 16:10:00",610,2.503,271.2,38.23,2.156,1.389,1001,0,0,0
"2016-01-30 16:15:00",611,2.314,329.2,11.65,2.266,1.602,1001,0,0,0
"2016-01-30 16:20:00",612,3.876,328.9,12.51,3.522,2.301,1001,0,0,0
"2016-01-30 16:25:00",613,2.759,294.7,31.69,2.3,1.533,1001,0,0,0
"2016-01-30 16:30:00",614,1.86,337.5,38.22,1.689,1.174,1001,0,0,0
"2016-01-30 16:35:00",615,3.084,258.3,26.91,2.543,1.599,1001,0,0,0
"2016-01-30 16:40:00",616,4.311,251.6,16.74,3.476,1.983,1001,0,0,0
"2016-01-30 16:45:00",617,4.146,301.7,19.78,3.436,2.071,1001,0,0,0
"2016-01-30 16:50:00",618,4.071,267,11.9,3.311,1.842,1001,0,0,0
"2016-01-30 16:55:00",619,3.78,284.8,12.95,3.106,1.885,1001,0,0,0
"2016-01-30 17:00:00",620,3.484,268.4,10.07,2.924,1.631,1001,0,0,0
"2016-01-30 17:05:00",621,5.263,244.1,15.78,4.295,2.306,1001,0,0,0
"2016-01-30 17:10:00",622,7.519,233.4,8.94,5.871,3.255,1001,0,0,0
"2016-01-30 17:15:00",623,8.2,236.9,7.766,6.623,3.645,1001,0,0,0
"2016-01-30 17:20:00",624,7.38,242.6,7.433,6.09,3.234,1001,0,0,0
"2016-01-30 17:25:00",625,7.175,243.5,6.301,5.764,3.01,1001,0,0,0
"2016-01-30 17:30:00",626,6.703,258,16.95,5.418,2.866,1001,0,0,0
"2016-01-30 17:35:00",627,4.124,279.5,8.48,3.391,1.938,1001,0,0,0
"2016-01-30 17:40:00",628,4.146,301.7,10.35,3.335,2.018,1001,0,0,0
"2016-01-30 17:45:00",629,3.538,294.5,12.09,2.703,1.605,1001,0,0,0
"2016-01-30 17:50:00",630,3.551,270.6,10.62,2.786,1.589,1001,0,0,0
"2016-01-30 17:55:00",631,4.431,271.2,12.03,3.551,1.885,1001,0,0,0
"2016-01-30 18:00:00",632,1.724,269.9,27.82,1.209,0.75,1001,0,0,0
"2016-01-30 18:05:00",633,2.604,271.1,18.27,2.108,1.327,1001,0,0,0
"2016-01-30 18:10:00",634,5.146,258.9,10.77,4.06,2.207,1001,0,0,0
"2016-01-30 18:15:00",635,4.791,284.6,14.51,3.759,2.194,1001,0,0,0
"2016-01-30 18:20:00",636,6.58,287,9.68,5.167,2.903,1001,0,0,0
"2016-01-30 18:25:00",637,5.914,286.7,8.22,4.583,2.546,1001,0,0,0
"2016-01-30 18:30:00",638,5.484,290.4,10.62,4.359,2.527,1001,0,0,0
"2016-01-30 18:35:00",639,5.642,284.7,8.52,4.378,2.53,1001,0,0,0
"2016-01-30 18:40:00",640,7.012,290.8,8.01,5.687,3.263,1001,0,0,0
"2016-01-30 18:45:00",641,6.604,292.6,6.592,5.271,3.018,1001,0,0,0
"2016-01-30 18:50:00",642,6.738,286.2,10.04,5.322,2.967,1001,0,0,0
"2016-01-30 18:55:00",643,6.735,282.4,10.58,5.524,3.122,1001,0,0,0
"2016-01-30 19:00:00",644,5.362,269.7,9.7,4.354,2.394,1001,0,0,0
"2016-01-30 19:05:00",645,5.292,249,10.55,4.428,2.381,1001,0,0,0
"2016-01-30 19:10:00",646,5.73,245,10.24,4.65,2.509,1001,0,0,0
"2016-01-30 19:15:00",647,6.594,241.3,9.67,5.354,2.893,1001,0,0,0
"2016-01-30 19:20:00",648,7.068,237.1,7.247,5.666,3.127,1001,0,0,0
"2016-01-30 19:25:00",649,6.436,234.9,8.03,5.124,2.813,1001,0,0,0
"2016-01-30 19:30:00",650,6.978,232.7,6.796,5.626,3.111,1001,0,0,0
"2016-01-30 19:35:00",651,6.799,230.6,7.612,5.359,2.975,1001,0,0,0
"2016-01-30 19:40:00",652,7.575,225.9,6.788,6.026,3.453,1001,0,0,0
"2016-01-30 19:45:00",653,6.447,229.7,7.482,5.236,2.943,1001,0,0,0
"2016-01-30 19:50:00",654,7.242,223.8,7.106,5.754,3.391,1001,0,0,0
"2016-01-30 19:55:00",655,5.668,233.2,8.75,4.626,2.541,1001,0,0,0
"2016-01-30 20:00:00",656,6.127,230.2,10.06,4.964,2.858,1001,0,0,0
"2016-01-30 20:05:00",657,8.29,231.6,7.592,6.45,3.527,1001,0,0,0
"2016-01-30 20:10:00",658,7.359,232.5,7.809,5.879,3.173,1001,0,0,0
"2016-01-30 20:15:00",659,7.295,233.4,7.19,5.674,3.138,1001,0,0,0
"2016-01-30 20:20:00",660,7.487,231,6.996,6.044,3.325,1001,0,0,0
"2016-01-30 20:25:00",661,7.932,231.4,8.78,6.335,3.41,1001,0,0,0
"2016-01-30 20:30:00",662,6.972,229.2,8.33,5.572,3.082,1001,0,0,0
"2016-01-30 20:35:00",663,4.983,226.3,8.84,3.994,2.282,1001,0,0,0
"2016-01-30 20:40:00",664,4.911,229.8,7.973,3.932,2.199,1001,0,0,0
"2016-01-30 20:45:00",665,5.018,227.8,8.21,4.031,2.231,1001,0,0,0
"2016-01-30 20:50:00",666,5.842,225.9,8.08,4.602,2.623,1001,0,0,0
"2016-01-30 20:55:00",667,6.234,223,8.47,4.954,2.874,1001,0,0,0
"2016-01-30 21:00:00",668,4.85,233.4,9.64,3.93,2.183,1001,0,0,0
"2016-01-30 21:05:00",669,4.764,235.2,9.47,3.884,2.162,1001,0,0,0
"2016-01-30 21:10:00",670,5.492,217.8,9.28,4.495,2.647,1001,0,0,0
"2016-01-30 21:15:00",671,6.676,213.8,7.367,5.418,3.178,1001,0,0,0
"2016-01-30 21:20:00",672,5.9,213.7,7.377,4.775,2.826,1001,0,0,0
"2016-01-30 21:25:00",673,5.762,214.9,8.91,4.532,2.701,1001,0,0,0
"2016-01-30 21:30:00",674,4.591,226.3,8.54,3.735,2.154,1001,0,0,0
"2016-01-30 21:35:00",675,4.972,229.3,9.44,3.9,2.186,1001,0,0,0
"2016-01-30 21:40:00",676,6.324,226.5,8.87,4.986,2.85,1001,0,0,0
"2016-01-30 21:45:00",677,7.418,215.7,9.11,6.071,3.581,1001,0,0,0
"2016-01-30 21:50:00",678,4.583,213.4,9.21,3.815,2.295,1001,0,0,0
"2016-01-30 21:55:00",679,4.954,247.3,11.94,3.996,2.157,1001,0,0,0
"2016-01-30 22:00:00",680,4.463,282.1,18.89,3.487,2.023,1001,0,0,0
"2016-01-30 22:05:00",681,2.866,291.1,7.754,2.122,1.239,1001,0,0,0
"2016-01-30 22:10:00",682,2.474,269.1,5.624,1.828,1.006,1001,0,0,0
"2016-01-30 22:15:00",683,2.791,271.8,10.98,2.066,1.123,1001,0,0,0
"2016-01-30 22:20:00",684,3.356,280,7.539,2.522,1.434,1001,0,0,0
"2016-01-30 22:25:00",685,3.863,281.6,6.357,3.031,1.786,1001,0,0,0
"2016-01-30 22:30:00",686,4.663,275.7,9.74,3.658,2.029,1001,0,0,0
"2016-01-30 22:35:00",687,3.476,260.6,6.121,2.716,1.49,1001,0,0,0
"2016-01-30 22:40:00",688,3.247,234.8,12.37,2.335,1.378,1001,0,0,0
"2016-01-30 22:45:00",689,3.62,216.1,5.209,2.802,1.711,1001,0,0,0
"2016-01-30 22:50:00",690,3.78,225.2,6.903,2.908,1.671,1001,0,0,0
"2016-01-30 22:55:00",691,3.586,234.2,6.302,2.674,1.493,1001,0,0,0
"2016-01-30 23:00:00",692,2.831,231.7,5.593,1.967,1.087,1001,0,0,0
"2016-01-30 23:05:00",693,2.399,240.3,8.68,1.473,0.686,1001,0,0,0
"2016-01-30 23:10:00",694,1.3,272.2,6.596,0.548,0.131,1001,0,0,0
"2016-01-30 23:15:00",695,1.482,266.5,5.967,0.701,0.065,1001,0,0,0
"2016-01-30 23:20:00",696,2.223,262.1,3.977,1.567,0.303,1001,0,0,0
"2016-01-30 23:25:00",697,2.826,250.6,16.65,2.023,0.895,1001,0,0,0
"2016-01-30 23:30:00",698,3.394,243.2,13.61,2.42,1.228,1001,0,0,0
"2016-01-30 23:35:00",699,3.628,257.3,6.258,2.586,1.346,1001,0,0,0
"2016-01-30 23:40:00",700,4.02,250.5,5.697,2.994,1.554,1001,0,0,0
"2016-01-30 23:45:00",701,4.276,260.8,6.969,3.151,1.722,1001,0,0,0
"2016-01-30 23:50:00",702,4.868,259.3,5.27,3.807,2.074,1001,0,0,0
"2016-01-30 23:55:00",703,5.14,251.2,9,3.986,2.146,1001,0,0,0
"2016-01-31 00:00:00",704,5.188,252.5,6.325,4.18,2.162,1001,0,0,0
"2016-01-31 00:05:00",705,5.828,247.2,5.38,4.738,2.415,1001,0,0,0
"2016-01-31 00:10:00",706,5.911,242.5,5.059,4.628,2.394,1001,0,0,0
"2016-01-31 00:15:00",707,5.738,243,5.974,4.655,2.461,1001,0,0,0
"2016-01-31 00:20:00",708,5.546,243.5,6.085,4.306,2.274,1001,0,0,0
"2016-01-31 00:25:00",709,5.799,240.4,7.589,4.58,2.445,1001,0,0,0
"2016-01-31 00:30:00",710,5.812,232.3,7.345,4.516,2.498,1001,0,0,0
"2016-01-31 00:35:00",711,5.618,229,6.306,4.343,2.407,1001,0,0,0
"2016-01-31 00:40:00",712,5.671,228.6,6.568,4.354,2.485,1001,0,0,0
"2016-01-31 00:45:00",713,5.268,226.3,8.04,4.14,2.365,1001,0,0,0
"2016-01-31 00:50:00",714,5.351,219.1,6.176,4.196,2.426,1001,0,0,0
"2016-01-31 00:55:00",715,5.25,216.2,7.567,4.103,2.482,1001,0,0,0
"2016-01-31 01:00:00",716,5.42,215.7,6.445,4.239,2.495,1001,0,0,0
"2016-01-31 01:05:00",717,5.215,218.2,6.657,3.972,2.343,1001,0,0,0
"2016-01-31 01:10:00",718,4.69,218.7,5.951,3.586,2.157,1001,0,0,0
"2016-01-31 01:15:00",719,4.258,209.2,4.961,3.394,2.082,1001,0,0,0
"2016-01-31 01:20:00",720,4.076,211.2,6.281,3.156,1.903,1001,0,0,0
"2016-01-31 01:25:00",721,3.602,216.7,6.762,2.69,1.65,1001,0,0,0
"2016-01-31 01:30:00",722,2.962,225,6.93,2.02,1.218,1001,0,0,0
"2016-01-31 01:35:00",723,2.935,230.9,6.653,2.199,1.225,1001,0,0,0
"2016-01-31 01:40:00",724,3.311,236.1,10.11,2.54,1.477,1001,0,0,0
"2016-01-31 01:45:00",725,3.711,231.4,8.11,2.78,1.549,1001,0,0,0
"2016-01-31 01:50:00",726,4.615,222.9,7.087,3.514,2.05,1001,0,0,0
"2016-01-31 01:55:00",727,3.938,226.1,6.856,2.903,1.687,1001,0,0,0
"2016-01-31 02:00:00",728,3.386,213,13.5,2.668,1.578,1001,0,0,0
"2016-01-31 02:05:00",729,2.73,205.8,12.6,2.362,1.614,1001,0,0,0
"2016-01-31 02:10:00",730,3.14,228.3,22.13,2.564,1.607,1001,0,0,0
"2016-01-31 02:15:00",731,3.1,260.9,25.31,2.562,1.475,1001,0,0,0
"2016-01-31 02:20:00",732,2.087,263.5,19.45,1.642,0.915,1001,0,0,0
"2016-01-31 02:25:00",733,2.575,187.2,30.34,2.188,1.339,1001,0,0,0
"2016-01-31 02:30:00",734,3.06,202.9,42.2,2.666,1.727,1001,0,0,0
"2016-01-31 02:35:00",735,3.823,172.1,32.73,3.122,2.098,1001,0,0,0
"2016-01-31 02:40:00",736,3.362,235.1,29.68,3.028,1.818,1001,0,0,0
"2016-01-31 02:45:00",737,2.218,239.9,59.1,2.058,1.569,1001,0,0,0
"2016-01-31 02:50:00",738,3.026,176.7,48.03,2.575,1.916,1001,0,0,0
"2016-01-31 02:55:00",739,2.606,181.7,20.76,2.089,1.328,1001,0,0,0
"2016-01-31 03:00:00",740,3.479,172.9,16.66,2.932,1.933,1001,0,0,0
"2016-01-31 03:05:00",741,4.159,188.3,12.56,3.482,2.194,1001,0,0,0
"2016-01-31 03:10:00",742,4.239,197.9,8.19,3.362,2.031,1001,0,0,0
"2016-01-31 03:15:00",743,4.143,202.9,6.684,3.274,1.962,1001,0,0,0
"2016-01-31 03:20:00",744,4.188,206.8,5.732,3.26,1.97,1001,0,0,0
"2016-01-31 03:25:00",745,4.783,210.1,6.259,3.634,2.218,1001,0,0,0
"2016-01-31 03:30:00",746,4.471,219.8,6.08,3.415,1.957,1001,0,0,0
"2016-01-31 03:35:00",747,4.964,215.1,5.462,3.751,2.271,1001,0,0,0
"2016-01-31 03:40:00",748,5.303,213.4,5.125,4.119,2.453,1001,0,0,0
"2016-01-31 03:45:00",749,5.239,223.1,6.395,3.903,2.242,1001,0,0,0
"2016-01-31 03:50:00",750,4.834,223.3,5.104,3.682,2.106,1001,0,0,0
"2016-01-31 03:55:00",751,4.45,223.4,5.948,3.378,1.941,1001,0,0,0
"2016-01-31 04:00:00",752,4.215,219.7,4.555,3.226,1.903,1001,0,0,0
"2016-01-31 04:05:00",753,4.095,216.8,4.874,3.036,1.842,1001,0,0,0
"2016-01-31 04:10:00",754,4.122,215.4,5.069,3.164,1.861,1001,0,0,0
"2016-01-31 04:15:00",755,4.175,217,5.262,3.052,1.821,1001,0,0,0
"2016-01-31 04:20:00",756,4.194,214.9,5.284,3.159,1.871,1001,0,0,0
"2016-01-31 04:25:00",757,3.692,214.8,5.15,2.716,1.618,1001,0,0,0
"2016-01-31 04:30:00",758,3.316,210,4.389,2.442,1.439,1001,0,0,0
"2016-01-31 04:35:00",759,3.674,205.9,5.058,2.722,1.623,1001,0,0,0
"2016-01-31 04:40:00",760,3.978,204.7,6.207,2.996,1.839,1001,0,0,0
"2016-01-31 04:45:00",761,3.996,198.3,4.718,3.034,1.858,1001,0,0,0
"2016-01-31 04:50:00",762,3.951,203.6,5.796,3.028,1.821,1001,0,0,0
"2016-01-31 04:55:00",763,4.018,198.5,5.18,3.172,1.962,1001,0,0,0
"2016-01-31 05:00:00",764,4.626,192.1,6.792,3.807,2.391,1001,0,0,0
"2016-01-31 05:05:00",765,5.327,198.9,5.28,4.244,2.594,1001,0,0,0
"2016-01-31 05:10:00",766,5.212,213.7,8.86,4.087,2.383,1001,0,0,0
"2016-01-31 05:15:00",767,4.45,218.8,6.197,3.426,2.053,1001,0,0,0
"2016-01-31 05:20:00",768,4.234,217,5.474,3.092,1.805,1001,0,0,0
"2016-01-31 05:25:00",769,4.148,209.2,4.837,3.194,1.927,1001,0,0,0
"2016-01-31 05:30:00",770,4.09,209.2,5.357,3.068,1.863,1001,0,0,0
"2016-01-31 05:35:00",771,4.063,205.3,4.253,3.052,1.815,1001,0,0,0
"2016-01-31 05:40:00",772,3.508,207.9,6.133,2.564,1.541,1001,0,0,0
"2016-01-31 05:45:00",773,3.25,197.4,7.769,2.399,1.485,1001,0,0,0
"2016-01-31 05:50:00",774,2.956,198,10.54,2.218,1.354,1001,0,0,0
"2016-01-31 05:55:00",775,3.239,183.8,6.671,2.41,1.461,1001,0,0,0
"2016-01-31 06:00:00",776,2.898,179,4.175,2.228,1.333,1001,0,0,0
"2016-01-31 06:05:00",777,3.37,177,9.72,2.559,1.653,1001,0,0,0
"2016-01-31 06:10:00",778,3.53,169.3,3.336,2.778,1.799,1001,0,0,0
"2016-01-31 06:15:00",779,2.258,150.2,50.77,1.612,0.972,1001,0,0,0
"2016-01-31 06:20:00",780,2.247,65.55,9.68,1.623,0.796,1001,0,0,0
"2016-01-31 06:25:00",781,2.412,75.82,6.068,1.551,0.745,1001,0,0,0
"2016-01-31 06:30:00",782,2.964,76.79,6.926,2.082,0.978,1001,0,0,0
"2016-01-31 06:35:00",783,3.58,54.55,5.264,2.674,1.599,1001,0,0,0
"2016-01-31 06:40:00",784,4.172,61.35,5.816,3.119,1.618,1001,0,0,0
"2016-01-31 06:45:00",785,3.788,83.5,9.32,2.802,1.437,1001,0,0,0
"2016-01-31 06:50:00",786,3.055,76.29,11.53,2.156,1.136,1001,0,0,0
"2016-01-31 06:55:00",787,3.314,76.62,9.99,2.386,1.221,1001,0,0,0
"2016-01-31 07:00:00",788,3.783,72.8,9.08,2.81,1.431,1001,0,0,0
"2016-01-31 07:05:00",789,3.967,84.5,9.62,3.124,1.543,1001,0,0,0
"2016-01-31 07:10:00",790,4.106,96.2,9,3.154,1.781,1001,0,0,0
"2016-01-31 07:15:00",791,4.844,112.7,7.016,4.1,2.767,1001,0,0,0
"2016-01-31 07:20:00",792,5.052,114.3,9.55,4.396,2.847,1001,0,0,0
"2016-01-31 07:25:00",793,4.668,121.6,7.126,4.028,2.93,1001,0,0,0
"2016-01-31 07:30:00",794,4.383,118.8,8.76,3.647,2.605,1001,0,0,0
"2016-01-31 07:35:00",795,4.138,125,7.259,3.594,2.703,1001,0,0,0
"2016-01-31 07:40:00",796,2.895,127.1,8.59,2.57,1.962,1001,0,0,0
"2016-01-31 07:45:00",797,2.884,119.4,10.33,2.522,1.794,1001,0,0,0
"2016-01-31 07:50:00",798,2.767,111.2,16.65,2.282,1.478,1001,0,0,0
"2016-01-31 07:55:00",799,2.599,96,14.21,2.388,1.408,1001,0,0,0
"2016-01-31 08:00:00",800,1.914,107.8,15.14,1.594,1.005,1001,0,0,0
"2016-01-31 08:05:00",801,2.295,45.9,20.35,1.97,1.341,1001,0,0,0
"2016-01-31 08:10:00",802,1.5,169.4,73.84,1.453,1.262,1001,0,0,0
"2016-01-31 08:15:00",803,1.234,216.5,23.9,1.175,0.909,1001,0,0,0
"2016-01-31 08:20:00",804,0.99,233,43.32,0.653,0.621,1001,0,0,0
"2016-01-31 08:25:00",805,2.586,218.3,26.67,2.068,1.313,1001,0,0,0
"2016-01-31 08:30:00",806,2.231,111.8,11.9,1.98,1.386,1001,0,0,0
"2016-01-31 08:35:00",807,1.732,101.4,17.06,1.548,1.136,1001,0,0,0
"2016-01-31 08:40:00",808,2.474,110.3,15,2.258,1.501,1001,0,0,0
"2016-01-31 08:45:00",809,2.975,89.7,6.947,2.383,1.242,1001,0,0,0
"2016-01-31 08:50:00",810,2.695,85.4,8.2,2.183,1.239,1001,0,0,0
"2016-01-31 08:55:00",811,2.207,87.9,10.92,1.908,1.078,1001,0,0,0
"2016-01-31 09:00:00",812,2.244,105.2,11.82,1.98,1.282,1001,0,0,0
"2016-01-31 09:05:00",813,2.274,126.8,15.05,2.039,1.549,1001,0,0,0
"2016-01-31 09:10:00",814,2.714,121.5,22.57,2.415,1.647,1001,0,0,0
"2016-01-31 09:15:00",815,2.996,114,12.48,2.668,1.823,1001,0,0,0
"2016-01-31 09:20:00",816,3.343,151,34.72,2.946,2.146,1001,0,0,0
"2016-01-31 09:25:00",817,5.38,186.9,7.312,4.642,3.055,1001,0,0,0
"2016-01-31 09:30:00",818,5.831,189.1,8,5.111,3.317,1001,0,0,0
"2016-01-31 09:35:00",819,5.562,185,10.24,4.903,3.25,1001,0,0,0
"2016-01-31 09:40:00",820,5.778,189.9,8.85,5.052,3.25,1001,0,0,0
"2016-01-31 09:45:00",821,8.09,196.1,8.57,6.834,4.173,1001,0,0,0
"2016-01-31 09:50:00",822,6.93,184.7,7.618,5.972,3.839,1001,0,0,0
"2016-01-31 09:55:00",823,5.268,186.4,7.535,4.53,3.039,1001,0,0,0
"2016-01-31 10:00:00",824,5.82,192.2,9.56,5.023,3.122,1001,0,0,0
"2016-01-31 10:05:00",825,7.05,192,8.42,5.879,3.738,1001,0,0,0
"2016-01-31 10:10:00",826,6.908,195.3,6.762,5.831,3.647,1001,0,0,0
"2016-01-31 10:15:00",827,8.58,193.8,6.256,7.303,4.423,1001,0,0,0
"2016-01-31 10:20:00",828,7.722,195.9,5.813,6.642,4.037,1001,0,0,0
"2016-01-31 10:25:00",829,7.596,203.4,9.9,6.511,3.991,1001,0,0,0
"2016-01-31 10:30:00",830,7.172,208.9,7.704,5.956,3.613,1001,0,0,0
"2016-01-31 10:35:00",831,8.47,211.8,7.487,7.036,4.25,1001,0,0,0
"2016-01-31 10:40:00",832,9.95,216.1,6.875,8.2,4.794,1001,0,0,0
"2016-01-31 10:45:00",833,10.25,220.5,7.563,8.52,4.821,1001,0,0,0
"2016-01-31 10:50:00",834,10.15,218.5,7.027,8.28,4.815,1001,0,0,0
"2016-01-31 10:55:00",835,9.96,220.1,6.144,8.22,4.69,1001,0,0,0
"2016-01-31 11:00:00",836,9.5,215.1,7.029,7.994,4.727,1001,0,0,0
"2016-01-31 11:05:00",837,10.21,209.5,8.45,8.47,5.114,1001,0,0,0
"2016-01-31 11:10:00",838,8.94,204.3,5.866,7.642,4.591,1001,0,0,0
"2016-01-31 11:15:00",839,8.32,188.5,11.27,7.196,4.575,1001,0,0,0
"2016-01-31 11:20:00",840,9.1,184.4,9.08,7.892,5.117,1001,0,0,0
"2016-01-31 11:25:00",841,9.03,183.8,8.08,7.948,5.127,1001,0,0,0
"2016-01-31 11:30:00",842,8.08,184.9,7.679,7.068,4.61,1001,0,0,0
"2016-01-31 11:35:00",843,8.5,187.2,8.85,7.33,4.743,1001,0,0,0
"2016-01-31 11:40:00",844,8.23,179.9,10.19,7.247,4.725,1001,0,0,0
"2016-01-31 11:45:00",845,8.01,190.4,8.84,6.831,4.37,1001,0,0,0
"2016-01-31 11:50:00",846,8.46,185.2,10.68,7.282,4.695,1001,0,0,0
"2016-01-31 11:55:00",847,9.86,189.1,11.2,8.52,5.247,1001,0,0,0
"2016-01-31 12:00:00",848,8.2,196.8,7.663,6.959,4.189,1001,0,0,0
"2016-01-31 12:05:00",849,8.02,184.5,12.84,6.914,4.519,1001,0,0,0
"2016-01-31 12:10:00",850,10.26,185.9,9.89,8.84,5.639,1001,0,0,0
"2016-01-31 12:15:00",851,11.38,195,8.28,9.66,5.93,1001,0,0,0
"2016-01-31 12:20:00",852,11.41,199.5,6.512,9.54,5.818,1001,0,0,0
"2016-01-31 12:25:00",853,10.88,198.5,6.748,9,5.415,1001,0,0,0
"2016-01-31 12:30:00",854,10.3,204.2,6.278,8.73,5.293,1001,0,0,0
"2016-01-31 12:35:00",855,9.36,204.9,5.743,7.727,4.626,1001,0,0,0
"2016-01-31 12:40:00",856,8.76,211.5,7.686,7.263,4.261,1001,0,0,0
"2016-01-31 12:45:00",857,8.89,211.8,7.172,7.372,4.413,1001,0,0,0
"2016-01-31 12:50:00",858,10.93,207.4,7.334,9.08,5.389,1001,0,0,0
"2016-01-31 12:55:00",859,12.09,205.5,7.188,10.38,6.234,1001,0,0,0
"2016-01-31 13:00:00",860,12.19,207.2,7.827,9.91,5.839,1001,0,0,0
"2016-01-31 13:05:00",861,11.57,205.6,5.818,9.56,5.781,1001,0,0,0
"2016-01-31 13:10:00",862,13.35,202.3,6.323,10.93,6.519,1001,0,0,0
"2016-01-31 13:15:00",863,13,190.5,10.27,10.99,6.815,1001,0,0,0
"2016-01-31 13:20:00",864,12.09,190.5,8.27,10.26,6.394,1001,0,0,0
"2016-01-31 13:25:00",865,12.01,197.4,8.53,10.22,6.226,1001,0,0,0
"2016-01-31 13:30:00",866,10.79,203.3,5.665,8.9,5.354,1001,0,0,0
"2016-01-31 13:35:00",867,9.94,199.2,6.779,8.27,5.045,1001,0,0,0
"2016-01-31 13:40:00",868,10.82,197.1,6.928,9.14,5.509,1001,0,0,0
"2016-01-31 13:45:00",869,11.02,194.3,6.979,9.32,5.709,1001,0,0,0
"2016-01-31 13:50:00",870,11.13,193.3,6.432,9.6,5.869,1001,0,0,0
"2016-01-31 13:55:00",871,10.5,196.4,5.698,9.02,5.394,1001,0,0,0
"2016-01-31 14:00:00",872,10.93,196.9,6.776,9.13,5.402,1001,0,0,0
"2016-01-31 14:05:00",873,10.69,196.8,6.919,8.91,5.362,1001,0,0,0
"2016-01-31 14:10:00",874,10.07,201.6,6.569,8.23,4.973,1001,0,0,0
"2016-01-31 14:15:00",875,10.16,206.8,6.683,8.51,5.133,1001,0,0,0
"2016-01-31 14:20:00",876,10.58,208.9,6.508,8.67,5.223,1001,0,0,0
"2016-01-31 14:25:00",877,11.14,210.1,6.827,9.31,5.57,1001,0,0,0
"2016-01-31 14:30:00",878,11.26,207.4,7.097,9.31,5.719,1001,0,0,0
"2016-01-31 14:35:00",879,10.65,211.6,6.128,8.6,5.05,1001,0,0,0
"2016-01-31 14:40:00",880,10.3,212.2,7.154,8.36,5.074,1001,0,0,0
"2016-01-31 14:45:00",881,9.4,212,6.842,7.66,4.607,1001,0,0,0
"2016-01-31 14:50:00",882,9.61,211.9,6.273,7.906,4.738,1001,0,0,0
"2016-01-31 14:55:00",883,8.79,207.2,6.626,7.151,4.375,1001,0,0,0
"2016-01-31 15:00:00",884,8.29,207.2,6.231,6.954,4.194,1001,0,0,0
"2016-01-31 15:05:00",885,7.906,205.6,7.061,6.639,4.071,1001,0,0,0
"2016-01-31 15:10:00",886,7.868,202.8,6.916,6.599,3.909,1001,0,0,0
"2016-01-31 15:15:00",887,8.23,207.9,7.565,6.815,4.141,1001,0,0,0
"2016-01-31 15:20:00",888,8.03,212.8,8.12,6.49,3.943,1001,0,0,0
"2016-01-31 15:25:00",889,9.35,212.3,7.676,7.49,4.399,1001,0,0,0
"2016-01-31 15:30:00",890,9.82,209.1,6.958,7.999,4.738,1001,0,0,0
"2016-01-31 15:35:00",891,8.96,207.9,6.137,7.53,4.594,1001,0,0,0
"2016-01-31 15:40:00",892,9.52,199.7,7.989,7.962,4.869,1001,0,0,0
"2016-01-31 15:45:00",893,9.79,196.6,6.857,8.42,5.263,1001,0,0,0
"2016-01-31 15:50:00",894,9.11,197.9,6.873,7.687,4.762,1001,0,0,0
"2016-01-31 15:55:00",895,9.09,197,6.688,7.639,4.613,1001,0,0,0
"2016-01-31 16:00:00",896,10.63,198.5,6.59,8.92,5.266,1001,0,0,0
"2016-01-31 16:05:00",897,11.55,196.8,6.21,9.81,5.882,1001,0,0,0
"2016-01-31 16:10:00",898,11.91,194.5,6.354,9.97,6.122,1001,0,0,0
"2016-01-31 16:15:00",899,10.38,194.3,6.607,8.74,5.367,1001,0,0,0
"2016-01-31 16:20:00",900,10.56,199.5,7.57,8.8,5.359,1001,0,0,0
"2016-01-31 16:25:00",901,11,201.1,5.997,9.17,5.463,1001,0,0,0
"2016-01-31 16:30:00",902,10.19,203.3,5.611,8.42,4.994,1001,0,0,0
"2016-01-31 16:35:00",903,10.61,200.9,6.271,8.85,5.317,1001,0,0,0
"2016-01-31 16:40:00",904,10.26,197.4,5.981,8.67,5.186,1001,0,0,0
"2016-01-31 16:45:00",905,11.07,196.6,6.252,9.3,5.57,1001,0,0,0
"2016-01-31 16:50:00",906,10.84,198.2,5.245,9.05,5.463,1001,0,0,0
"2016-01-31 16:55:00",907,9.5,196.4,6.435,7.97,4.797,1001,0,0,0
"2016-01-31 17:00:00",908,8.69,194.1,6.016,7.266,4.477,1001,0,0,0
"2016-01-31 17:05:00",909,7.423,202.9,6.363,6.095,3.698,1001,0,0,0
"2016-01-31 17:10:00",910,7.423,204.6,7.668,6.082,3.719,1001,0,0,0
"2016-01-31 17:15:00",911,6.09,216.4,8.56,5.01,2.983,1001,0,0,0
"2016-01-31 17:20:00",912,6.332,212.4,7.408,5.05,2.999,1001,0,0,0
"2016-01-31 17:25:00",913,6.53,211.4,6.979,5.436,3.261,1001,0,0,0
"2016-01-31 17:30:00",914,5.964,223.7,11.31,4.615,2.629,1001,0,0,0
"2016-01-31 17:35:00",915,5.3,236,8.66,4.271,2.293,1001,0,0,0
"2016-01-31 17:40:00",916,6.524,239.1,10.83,5.258,2.802,1001,0,0,0
"2016-01-31 17:45:00",917,4.348,248.3,6.433,3.463,1.834,1001,0,0,0
"2016-01-31 17:50:00",918,4.418,252.9,9.93,3.61,1.903,1001,0,0,0
"2016-01-31 17:55:00",919,7.378,254.5,7.631,5.975,3.175,1001,0,0,0
"2016-01-31 18:00:00",920,7.562,258,7.124,6.351,3.29,1001,0,0,0
"2016-01-31 18:05:00",921,6.852,259.3,6.675,5.548,2.909,1001,0,0,0
"2016-01-31 18:10:00",922,6.311,263.2,6.929,5.108,2.757,1001,0,0,0
"2016-01-31 18:15:00",923,7.479,260.2,6.124,6.084,3.186,1001,0,0,0
"2016-01-31 18:20:00",924,6.983,257.4,6.552,5.618,3.023,1001,0,0,0
"2016-01-31 18:25:00",925,7.447,261.2,6.728,6.066,3.266,1001,0,0,0
"2016-01-31 18:30:00",926,8.67,264.7,6.974,6.97,3.757,1001,0,0,0
"2016-01-31 18:35:00",927,9.32,251.6,8.08,7.655,3.879,1001,0,0,0
"2016-01-31 18:40:00",928,7.036,238,7.627,5.852,3.186,1001,0,0,0
"2016-01-31 18:45:00",929,7.202,238.2,7.661,5.754,3.061,1001,0,0,0
"2016-01-31 18:50:00",930,6.85,239.7,7.104,5.543,2.935,1001,0,0,0
"2016-01-31 18:55:00",931,7.743,242.3,8.46,6.287,3.351,1001,0,0,0
"2016-01-31 19:00:00",932,8.68,246.4,6.127,7.124,3.626,1001,0,0,0
"2016-01-31 19:05:00",933,7.034,244.2,6.478,5.756,3.005,1001,0,0,0
"2016-01-31 19:10:00",934,8.11,241.1,7.232,6.402,3.341,1001,0,0,0
"2016-01-31 19:15:00",935,7.746,242.7,5.007,6.439,3.309,1001,0,0,0
"2016-01-31 19:20:00",936,9.09,248.7,7.039,7.559,3.821,1001,0,0,0
"2016-01-31 19:25:00",937,9.55,249.4,6.653,7.804,3.938,1001,0,0,0
"2016-01-31 19:30:00",938,9.3,245.1,8.57,7.5,3.783,1001,0,0,0
"2016-01-31 19:35:00",939,9.34,246.2,7.151,7.634,3.927,1001,0,0,0
"2016-01-31 19:40:00",940,8.25,244.7,7.089,6.762,3.461,1001,0,0,0
"2016-01-31 19:45:00",941,7.314,244.7,8.81,5.903,3.149,1001,0,0,0
"2016-01-31 19:50:00",942,5.94,235.1,6.373,4.636,2.485,1001,0,0,0
"2016-01-31 19:55:00",943,6.812,233.3,14.45,5.428,2.93,1001,0,0,0
"2016-01-31 20:00:00",944,9.63,245.5,7.157,7.951,4.082,1001,0,0,0
"2016-01-31 20:05:00",945,9.69,244.6,6.633,7.89,4.031,1001,0,0,0
"2016-01-31 20:10:00",946,9.52,248.4,6.901,7.78,3.935,1001,0,0,0
"2016-01-31 20:15:00",947,10.7,242,8.83,8.68,4.549,1001,0,0,0
"2016-01-31 20:20:00",948,10.36,242.5,7.109,8.5,4.551,1001,0,0,0
"2016-01-31 20:25:00",949,10.35,245.8,6.534,8.52,4.354,1001,0,0,0
"2016-01-31 20:30:00",950,9.6,248.8,6.812,7.826,4.034,1001,0,0,0
"2016-01-31 20:35:00",951,9.52,245.2,7.291,7.786,4.031,1001,0,0,0
"2016-01-31 20:40:00",952,10.87,247.3,6.127,8.87,4.495,1001,0,0,0
"2016-01-31 20:45:00",953,11.69,254.2,6.48,9.69,4.917,1001,0,0,0
"2016-01-31 20:50:00",954,10.77,249.4,7.359,9.07,4.567,1001,0,0,0
"2016-01-31 20:55:00",955,12.63,249.4,7.126,10.46,5.205,1001,0,0,0
"2016-01-31 21:00:00",956,11.73,250.4,8.16,9.61,4.807,1001,0,0,0
"2016-01-31 21:05:00",957,11.3,244.7,7.036,9.18,4.757,1001,0,0,0
"2016-01-31 21:10:00",958,12.07,243.3,6.672,10.08,5.194,1001,0,0,0
"2016-01-31 21:15:00",959,11.07,245.9,6.613,8.94,4.49,1001,0,0,0
"2016-01-31 21:20:00",960,10.3,247.2,6.654,8.37,4.287,1001,0,0,0
"2016-01-31 21:25:00",961,10.25,247.1,7.777,8.51,4.327,1001,0,0,0
"2016-01-31 21:30:00",962,9.18,248.4,7.054,7.458,3.885,1001,0,0,0
"2016-01-31 21:35:00",963,9.09,247.5,5.935,7.25,3.746,1001,0,0,0
"2016-01-31 21:40:00",964,9.38,243.8,6.655,7.778,3.957,1001,0,0,0
"2016-01-31 21:45:00",965,10.14,243.7,7.336,8.32,4.365,1001,0,0,0
"2016-01-31 21:50:00",966,10.06,246.4,7.572,8.23,4.242,1001,0,0,0
"2016-01-31 21:55:00",967,8.99,246.6,7.496,7.308,3.701,1001,0,0,0
"2016-01-31 22:00:00",968,10.18,247.5,7.668,8.35,4.218,1001,0,0,0
"2016-01-31 22:05:00",969,10.24,245.8,7.5,8.41,4.287,1001,0,0,0
"2016-01-31 22:10:00",970,9.3,247.1,7.994,7.69,3.957,1001,0,0,0
"2016-01-31 22:15:00",971,9.69,242.9,6.595,7.828,4.082,1001,0,0,0
"2016-01-31 22:20:00",972,7.556,238.8,7.559,6.191,3.271,1001,0,0,0
"2016-01-31 22:25:00",973,8.16,240.9,8.37,6.644,3.477,1001,0,0,0
"2016-01-31 22:30:00",974,8.46,240.6,6.875,6.954,3.666,1001,0,0,0
"2016-01-31 22:35:00",975,8.83,243.2,6.302,7.191,3.783,1001,0,0,0
"2016-01-31 22:40:00",976,8.67,243.2,7.518,7.007,3.634,1001,0,0,0
"2016-01-31 22:45:00",977,8.56,242.5,7.269,6.994,3.607,1001,0,0,0
"2016-01-31 22:50:00",978,9.37,244.1,6.704,7.62,3.858,1001,0,0,0
"2016-01-31 22:55:00",979,8.16,241.6,7.025,6.732,3.455,1001,0,0,0
"2016-01-31 23:00:00",980,10.46,236,8.35,8.49,4.615,1001,0,0,0
"2016-01-31 23:05:00",981,12.5,243.9,7.451,10.12,5.165,1001,0,0,0
"2016-01-31 23:10:00",982,12.26,239.6,7.256,9.9,5.13,1001,0,0,0
"2016-01-31 23:15:00",983,12.1,239.8,6.454,9.77,5.119,1001,0,0,0
"2016-01-31 23:20:00",984,12.68,236.4,6.995,10.22,5.402,1001,0,0,0
"2016-01-31 23:25:00",985,10.92,235.4,7.617,8.78,4.754,1001,0,0,0
"2016-01-31 23:30:00",986,11.36,237.7,7.726,9.07,4.701,1001,0,0,0
"2016-01-31 23:35:00",987,11.22,236,9.39,8.96,4.807,1001,0,0,0
"2016-01-31 23:40:00",988,11.76,229,7.216,9.53,5.189,1001,0,0,0
"2016-01-31 23:45:00",989,10.54,234.8,7.773,8.62,4.586,1001,0,0,0
"2016-01-31 23:50:00",990,11.52,238.3,9.52,9.51,4.917,1001,0,0,0
"2016-01-31 23:55:00",991,11.97,236.8,6.972,9.62,5.074,1001,0,0,0
"2016-02-01 00:00:00",992,11.74,238,9.07,9.38,4.991,1001,0,0,0
"2016-02-01 00:05:00",993,11.73,242.3,6.271,9.58,4.97,1001,0,0,0
"2016-02-01 00:10:00",994,13.17,243.1,7.515,10.72,5.506,1001,0,0,0
"2016-02-01 00:15:00",995,13.54,241.9,7.294,11.06,5.655,1001,0,0,0
"2016-02-01 00:20:00",996,13.53,241.2,7.599,11.25,5.73,1001,0,0,0
"2016-02-01 00:25:00",997,12.59,238.8,8.72,10.42,5.445,1001,0,0,0
"2016-02-01 00:30:00",998,11.03,231.4,7.481,8.78,4.722,1001,0,0,0
"2016-02-01 00:35:00",999,11.03,237,7.095,8.84,4.695,1001,0,0,0
"2016-02-01 00:40:00",1000,11.19,238.1,7.983,9.25,4.901,1001,0,0,0
"2016-02-01 00:45:00",1001,11.15,237.4,7.23,8.98,4.73,1001,0,0,0
"2016-02-01 00:50:00",1002,11.14,234.3,7.023,9.07,4.829,1001,0,0,0
"2016-02-01 00:55:00",1003,10.65,232.2,7.947,8.57,4.685,1001,0,0,0
"2016-02-01 01:00:00",1004,10.31,230.5,8.25,8.35,4.605,1001,0,0,0
"2016-02-01 01:05:00",1005,10.29,232.5,7.762,8.14,4.359,1001,0,0,0
"2016-02-01 01:10:00",1006,11.03,241,7.219,8.95,4.653,1001,0,0,0
"2016-02-01 01:15:00",1007,11.59,243,7.23,9.5,4.911,1001,0,0,0
"2016-02-01 01:20:00",1008,11.07,245.3,7.016,9.24,4.695,1001,0,0,0
"2016-02-01 01:25:00",1009,10.94,245.4,6.066,9.03,4.562,1001,0,0,0
"2016-02-01 01:30:00",1010,10.44,246.3,6.509,8.4,4.247,1001,0,0,0
"2016-02-01 01:35:00",1011,9.23,245.4,7.015,7.476,3.946,1001,0,0,0
"2016-02-01 01:40:00",1012,9.35,241.5,6.665,7.724,4.069,1001,0,0,0
"2016-02-01 01:45:00",1013,9.54,238.7,7.107,7.74,4.021,1001,0,0,0
"2016-02-01 01:50:00",1014,8.05,243.2,6.703,6.498,3.375,1001,0,0,0
"2016-02-01 01:55:00",1015,8.13,254.8,7.246,6.599,3.421,1001,0,0,0
"2016-02-01 02:00:00",1016,7.367,259,6.834,5.879,3.133,1001,0,0,0
"2016-02-01 02:05:00",1017,7.095,257.7,7.214,5.791,3.066,1001,0,0,0
"2016-02-01 02:10:00",1018,7.186,251,5.81,5.884,2.981,1001,0,0,0
"2016-02-01 02:15:00",1019,7.183,251.1,9.66,5.836,3.063,1001,0,0,0
"2016-02-01 02:20:00",1020,7.351,256.5,9.08,5.943,3.258,1001,0,0,0
"2016-02-01 02:25:00",1021,7.612,262.8,7.77,6.108,3.245,1001,0,0,0
"2016-02-01 02:30:00",1022,7.028,261.7,7.351,5.727,3.015,1001,0,0,0
"2016-02-01 02:35:00",1023,7.588,264.3,7.025,6.031,3.218,1001,0,0,0
"2016-02-01 02:40:00",1024,7.25,263.1,7.642,5.879,3.175,1001,0,0,0
"2016-02-01 02:45:00",1025,6.938,251.7,6.06,5.644,2.869,1001,0,0,0
"2016-02-01 02:50:00",1026,6.836,241.6,8.67,5.423,2.933,1001,0,0,0
"2016-02-01 02:55:00",1027,8.41,234.1,7.695,6.868,3.797,1001,0,0,0
"2016-02-01 03:00:00",1028,9.45,230.1,7.188,7.778,4.205,1001,0,0,0
"2016-02-01 03:05:00",1029,8.1,230.6,7.218,6.682,3.61,1001,0,0,0
"2016-02-01 03:10:00",1030,9.03,236.5,7.558,7.255,3.946,1001,0,0,0
"2016-02-01 03:15:00",1031,8.17,235.9,8.27,6.562,3.533,1001,0,0,0
"2016-02-01 03:20:00",1032,8.48,236.9,7.703,6.903,3.797,1001,0,0,0
"2016-02-01 03:25:00",1033,9.52,245,8.27,7.959,4.085,1001,0,0,0
"2016-02-01 03:30:00",1034,10.55,245.3,6.671,8.82,4.474,1001,0,0,0
"2016-02-01 03:35:00",1035,9.74,247.4,10.73,7.951,4.087,1001,0,0,0
"2016-02-01 03:40:00",1036,8.34,237.1,10.58,6.876,3.661,1001,0,0,0
"2016-02-01 03:45:00",1037,9.4,246.4,5.783,7.602,3.898,1001,0,0,0
"2016-02-01 03:50:00",1038,10.31,250.4,6.792,8.39,4.269,1001,0,0,0
"2016-02-01 03:55:00",1039,10.17,255.4,6.972,8.35,4.29,1001,0,0,0
"2016-02-01 04:00:00",1040,9.14,262.3,7.192,7.65,4.053,1001,0,0,0
"2016-02-01 04:05:00",1041,10.44,258.7,8.26,8.44,4.319,1001,0,0,0
"2016-02-01 04:10:00",1042,10.29,254.8,7.503,8.57,4.303,1001,0,0,0
"2016-02-01 04:15:00",1043,10.41,258.2,6.973,8.57,4.535,1001,0,0,0
"2016-02-01 04:20:00",1044,10.91,257.7,6.056,9.09,4.679,1001,0,0,0
"2016-02-01 04:25:00",1045,10.42,260.4,7.07,8.76,4.602,1001,0,0,0
"2016-02-01 04:30:00",1046,8.99,262,7.425,7.322,3.93,1001,0,0,0
"2016-02-01 04:35:00",1047,7.852,278.1,12.89,6.346,3.485,1001,0,0,0
"2016-02-01 04:40:00",1048,5.666,302.1,5.447,4.436,2.682,1001,0,0,0
"2016-02-01 04:45:00",1049,6.028,315.4,8.29,5.026,3.007,1001,0,0,0
"2016-02-01 04:50:00",1050,5.436,314.9,3.888,4.463,2.645,1001,0,0,0
"2016-02-01 04:55:00",1051,4.684,314.3,4.904,3.794,2.301,1001,0,0,0
"2016-02-01 05:00:00",1052,4.767,308.9,4.242,3.807,2.303,1001,0,0,0
"2016-02-01 05:05:00",1053,3.932,308.4,4.598,3.234,2.058,1001,0,0,0
"2016-02-01 05:10:00",1054,3.895,309.5,4.34,3.17,1.906,1001,0,0,0
"2016-02-01 05:15:00",1055,3.538,303,5.612,2.786,1.701,1001,0,0,0
"2016-02-01 05:20:00",1056,4.578,307.4,4.727,3.639,2.157,1001,0,0,0
"2016-02-01 05:25:00",1057,4.732,304.8,4.91,3.844,2.247,1001,0,0,0
"2016-02-01 05:30:00",1058,3.706,311.8,6.948,3.015,1.874,1001,0,0,0
"2016-02-01 05:35:00",1059,3.463,306,6.102,2.682,1.642,1001,0,0,0
"2016-02-01 05:40:00",1060,3.332,304.2,5.756,2.583,1.509,1001,0,0,0
"2016-02-01 05:45:00",1061,2.551,285.9,6.178,1.82,1.05,1001,0,0,0
"2016-02-01 05:50:00",1062,2.5,267.8,6.201,1.85,1.005,1001,0,0,0
"2016-02-01 05:55:00",1063,2.759,258.8,4.85,2.068,1.135,1001,0,0,0
"2016-02-01 06:00:00",1064,3.223,256.9,5.952,2.418,1.287,1001,0,0,0
"2016-02-01 06:05:00",1065,2.962,261.6,5.918,2.199,1.226,1001,0,0,0
"2016-02-01 06:10:00",1066,3.204,264.2,6.025,2.402,1.287,1001,0,0,0
"2016-02-01 06:15:00",1067,3.41,260.7,7.287,2.527,1.437,1001,0,0,0
"2016-02-01 06:20:00",1068,3.684,253.2,6.822,2.855,1.551,1001,0,0,0
"2016-02-01 06:25:00",1069,3.532,253.8,5.678,2.714,1.415,1001,0,0,0
"2016-02-01 06:30:00",1070,3.266,246.9,7.312,2.426,1.279,1001,0,0,0
"2016-02-01 06:35:00",1071,3.479,247.4,7.351,2.7,1.466,1001,0,0,0
"2016-02-01 06:40:00",1072,3.428,262.7,5.828,2.532,1.365,1001,0,0,0
"2016-02-01 06:45:00",1073,3.57,270.4,6.841,2.652,1.391,1001,0,0,0
"2016-02-01 06:50:00",1074,3.759,264.3,5.522,2.844,1.535,1001,0,0,0
"2016-02-01 06:55:00",1075,3.404,270.7,7.212,2.436,1.303,1001,0,0,0
"2016-02-01 07:00:00",1076,3.279,282.1,5.875,2.324,1.317,1001,0,0,0
"2016-02-01 07:05:00",1077,2.887,278.4,7.664,2.031,1.133,1001,0,0,0
"2016-02-01 07:10:00",1078,2.858,294.6,6.933,2.004,1.173,1001,0,0,0
"2016-02-01 07:15:00",1079,2.847,292.5,6.327,2.023,1.162,1001,0,0,0
"2016-02-01 07:20:00",1080,2.722,299.7,5.258,1.938,1.165,1001,0,0,0
"2016-02-01 07:25:00",1081,2.543,308.1,6.258,1.834,1.117,1001,0,0,0
"2016-02-01 07:30:00",1082,1.487,11.61,85.5,1.099,0.638,1001,0,0,0
"2016-02-01 07:35:00",1083,1.871,153.2,62.26,1.65,1.213,1001,0,0,0
"2016-02-01 07:40:00",1084,4.047,260.8,10.11,3.239,1.738,1001,0,0,0
"2016-02-01 07:45:00",1085,4.65,266.9,7.227,3.82,2.058,1001,0,0,0
"2016-02-01 07:50:00",1086,3.818,271,7.505,3.143,1.725,1001,0,0,0
"2016-02-01 07:55:00",1087,3.49,279.1,6.904,2.868,1.679,1001,0,0,0
"2016-02-01 08:00:00",1088,3.476,279.7,8.21,2.788,1.661,1001,0,0,0
"2016-02-01 08:05:00",1089,3.551,276.9,7.57,2.962,1.693,1001,0,0,0
"2016-02-01 08:10:00",1090,3.879,272.7,7.731,3.191,1.746,1001,0,0,0
"2016-02-01 08:15:00",1091,3.724,277.4,8.24,3.143,1.759,1001,0,0,0
"2016-02-01 08:20:00",1092,4.631,257.2,8.48,3.9,2.095,1001,0,0,0
"2016-02-01 08:25:00",1093,5.49,247.3,8.26,4.655,2.429,1001,0,0,0
"2016-02-01 08:30:00",1094,4.876,247,8.29,4.095,2.199,1001,0,0,0
"2016-02-01 08:35:00",1095,5.495,249.5,6.674,4.618,2.431,1001,0,0,0
"2016-02-01 08:40:00",1096,5.223,251.5,6.959,4.476,2.394,1001,0,0,0
"2016-02-01 08:45:00",1097,4.602,257.5,8.65,3.895,2.125,1001,0,0,0
"2016-02-01 08:50:00",1098,4.279,259.6,7.891,3.722,2.037,1001,0,0,0
"2016-02-01 08:55:00",1099,4.258,265.9,8.5,3.692,2.061,1001,0,0,0
"2016-02-01 09:00:00",1100,4.722,261.5,8.41,3.962,2.231,1001,0,0,0
"2016-02-01 09:05:00",1101,5.22,260.6,7.042,4.618,2.503,1001,0,0,0
"2016-02-01 09:10:00",1102,5.084,267.5,8.09,4.418,2.407,1001,0,0,0
"2016-02-01 09:15:00",1103,4.655,254.7,7.073,4.018,2.234,1001,0,0,0
"2016-02-01 09:20:00",1104,3.735,260.6,10.2,3.298,1.866,1001,0,0,0
"2016-02-01 09:25:00",1105,3.479,265.7,8.52,3.055,1.797,1001,0,0,0
"2016-02-01 09:30:00",1106,2.943,262.9,13.74,2.599,1.522,1001,0,0,0
"2016-02-01 09:35:00",1107,2.468,279.7,11.15,2.239,1.389,1001,0,0,0
"2016-02-01 09:40:00",1108,2.471,280.4,9.23,2.276,1.485,1001,0,0,0
"2016-02-01 09:45:00",1109,2.303,269.8,12,2.031,1.325,1001,0,0,0
"2016-02-01 09:50:00",1110,2.97,254.2,10.35,2.679,1.605,1001,0,0,0
"2016-02-01 09:55:00",1111,3.202,255.3,8.22,2.86,1.639,1001,0,0,0
"2016-02-01 10:00:00",1112,2.884,249.8,16,2.546,1.567,1001,0,0,0
"2016-02-01 10:05:00",1113,2.551,260.4,27.69,2.274,1.503,1001,0,0,0
"2016-02-01 10:10:00",1114,2.396,272.4,20.07,2.127,1.458,1001,0,0,0
"2016-02-01 10:15:00",1115,2.295,268.5,27.2,2.047,1.357,1001,0,0,0
"2016-02-01 10:20:00",1116,2.132,265.8,11.58,1.906,1.271,1001,0,0,0
"2016-02-01 10:25:00",1117,2.362,280,13.85,2.092,1.383,1001,0,0,0
"2016-02-01 10:30:00",1118,2.716,296.8,16.56,2.498,1.663,1001,0,0,0
"2016-02-01 10:35:00",1119,2.946,282.1,12.94,2.684,1.706,1001,0,0,0
"2016-02-01 10:40:00",1120,3.132,272.9,10.18,2.85,1.725,1001,0,0,0
"2016-02-01 10:45:00",1121,3.132,264.7,9.21,2.756,1.69,1001,0,0,0
"2016-02-01 10:50:00",1122,3.375,270.4,10.03,2.988,1.813,1001,0,0,0
"2016-02-01 10:55:00",1123,4.132,256.3,13.29,3.692,2.154,1001,0,0,0
"2016-02-01 11:00:00",1124,4.428,255.9,7.011,3.863,2.197,1001,0,0,0
"2016-02-01 11:05:00",1125,5.151,243.3,8.29,4.383,2.394,1001,0,0,0
"2016-02-01 11:10:00",1126,5.06,238.6,7.932,4.239,2.445,1001,0,0,0
"2016-02-01 11:15:00",1127,4.652,241.8,8.38,4.031,2.274,1001,0,0,0
"2016-02-01 11:20:00",1128,4.815,245.6,9.11,4.196,2.351,1001,0,0,0
"2016-02-01 11:25:00",1129,3.743,245.6,13.06,3.351,1.986,1001,0,0,0
"2016-02-01 11:30:00",1130,3.687,252.5,10.37,3.266,1.869,1001,0,0,0
"2016-02-01 11:35:00",1131,3.599,257.7,14.18,3.188,1.877,1001,0,0,0
"2016-02-01 11:40:00",1132,3.647,255.3,12.2,3.212,1.877,1001,0,0,0
"2016-02-01 11:45:00",1133,3.303,251.3,9.46,2.927,1.77,1001,0,0,0
"2016-02-01 11:50:00",1134,3.29,252.1,10.41,2.946,1.754,1001,0,0,0
"2016-02-01 11:55:00",1135,3.884,229.1,14.35,3.38,2.045,1001,0,0,0
