"TOA5","1004_CR6","CR6","2608","CR6.Std.03","CPU:1004_METandSF_WR Update_20160204.CR6","16643","Hour"
"TIMESTAMP","RECORD","WS6m_ms_S_WVT","WD_6m_D1_WVT","WD_6m_SD1_WVT","WS_4m_Avg","WS_2m_Avg","WS_1m_Avg","WS_0m_Avg","BattV_Avg","site","snstsnmbr","sensitpc_Tot"
"TS","RN","meters/second","Deg","Deg","meters/second","meters/second","meters/second","meters/second","Volts","","",""
"","","WVc","WVc","WVc","Avg","Avg","Avg","Avg","Avg","Smp","Smp","Tot"
"2016-02-09 11:00:00",95,2.767,264.7,12.62,2.697,2.486,2.256,1.528,13.61,1001,1623,0
"2016-02-09 12:00:00",96,3.627,269.9,9.97,3.521,3.237,2.925,1.854,13.52,1001,1623,0
"2016-02-09 13:00:00",97,3.571,267.9,9.05,3.456,3.172,2.853,1.814,13.5,1001,1623,0
"2016-02-09 14:00:00",98,3.829,264.2,9.31,3.698,3.362,3.039,1.904,13.48,1001,1623,0
"2016-02-09 15:00:00",99,2.783,230.9,11.82,2.705,2.519,2.26,1.647,13.51,1001,1623,0
"2016-02-09 16:00:00",100,2.667,232.9,11.53,2.586,2.393,2.159,1.546,13.52,1001,1623,0
"2016-02-09 17:00:00",101,2.098,279.7,12.02,1.936,1.736,1.568,1.013,13.58,1001,1623,0
"2016-02-09 18:00:00",102,1.312,269.7,13.59,1.237,0.976,0.712,0.198,13.19,1001,1623,0
"2016-02-09 19:00:00",103,2.406,52.42,12.52,1.989,1.472,1.105,0.511,12.94,1001,1623,0
"2016-02-09 20:00:00",104,1.936,95.8,12.1,1.656,1.238,0.833,0.199,12.9,1001,1623,0
"2016-02-09 21:00:00",105,1.793,172.2,26.14,1.688,1.346,1.018,0.475,12.87,1001,1623,0
"2016-02-09 22:00:00",106,2.404,140.8,15.74,2.151,1.739,1.383,0.92,12.84,1001,1623,0
"2016-02-09 23:00:00",107,1.671,212.7,31.88,1.423,1.072,0.874,0.414,12.82,1001,1623,0
"2016-02-10 00:00:00",108,1.262,65.3,24.3,1.261,0.924,0.647,0.223,12.8,1001,1623,0
"2016-02-10 01:00:00",109,1.817,118.8,12.54,1.56,1.146,0.841,0.356,12.78,1001,1623,0
"2016-02-10 02:00:00",110,2.176,189.3,15.23,1.951,1.549,1.174,0.658,12.75,1001,1623,0
"2016-02-10 03:00:00",111,1.68,137.4,34.72,1.67,1.461,1.137,0.662,12.74,1001,1623,0
"2016-02-10 04:00:00",112,1.9,85.1,12.63,1.635,1.266,0.922,0.47,12.72,1001,1623,0
"2016-02-10 05:00:00",113,1.577,138.2,14.58,1.413,1.074,0.78,0.38,12.69,1001,1623,0
"2016-02-10 06:00:00",114,2.133,139.9,18.18,1.973,1.587,1.242,0.702,12.66,1001,1623,0
"2016-02-10 07:00:00",115,1.899,135.3,14.4,1.663,1.23,0.951,0.527,12.69,1001,1623,0
"2016-02-10 08:00:00",116,1.724,115.4,12.09,1.627,1.438,1.245,0.767,13.36,1001,1623,0
"2016-02-10 09:00:00",117,2.144,101.8,10.93,2.083,1.887,1.622,1.023,14.25,1001,1623,0
"2016-02-10 10:00:00",118,1.029,240.1,33.12,1.03,0.921,0.838,0.677,14.08,1001,1623,0
"2016-02-10 11:00:00",119,1.516,271.7,25.15,1.505,1.416,1.306,0.941,13.8,1001,1623,0
"2016-02-10 12:00:00",120,2.387,286.9,11.77,2.341,2.201,2.012,1.396,13.48,1001,1623,0
"2016-02-10 13:00:00",121,2.116,309.7,14.55,2.07,1.944,1.78,1.312,13.55,1001,1623,0
"2016-02-10 14:00:00",122,2.213,325.2,13.81,2.169,2.043,1.88,1.455,13.52,1001,1623,0
"2016-02-10 15:00:00",123,1.842,334.6,11.34,1.828,1.725,1.6,1.243,13.57,1001,1623,0
"2016-02-10 16:00:00",124,2.265,355.8,10.59,2.25,2.162,2.003,1.561,13.62,1001,1623,0
"2016-02-10 17:00:00",125,1.276,14.18,6.204,1.288,1.234,1.121,0.816,13.64,1001,1623,0
"2016-02-10 18:00:00",126,1.453,25.51,6.057,1.267,0.909,0.616,0.09,13.23,1001,1623,0
"2016-02-10 19:00:00",127,1.849,58.98,5.117,1.57,1.03,0.596,0.071,12.94,1001,1623,0
"2016-02-10 20:00:00",128,1.772,64.37,8.99,1.457,1.024,0.723,0.179,12.9,1001,1623,0
"2016-02-10 21:00:00",129,1.95,102.3,7.53,1.65,1.274,0.939,0.338,12.88,1001,1623,0
"2016-02-10 22:00:00",130,2.313,193,18.22,1.972,1.493,1.102,0.463,12.84,1001,1623,0
"2016-02-10 23:00:00",131,1.16,183.9,11.64,1.089,0.855,0.526,0.044,12.82,1001,1623,0
"2016-02-11 00:00:00",132,1.426,127.7,19.52,1.395,1.179,0.813,0.271,12.81,1001,1623,0
"2016-02-11 01:00:00",133,2.095,171.7,11.84,1.941,1.625,1.275,0.735,12.78,1001,1623,0
"2016-02-11 02:00:00",134,1.88,123.1,10.31,1.686,1.271,0.875,0.237,12.77,1001,1623,0
"2016-02-11 03:00:00",135,1.666,130.7,9.63,1.488,1.191,0.729,0.097,12.75,1001,1623,0
"2016-02-11 04:00:00",136,2.073,133.7,14.93,1.908,1.555,1.186,0.68,12.72,1001,1623,0
"2016-02-11 05:00:00",137,1.883,132.6,9.07,1.711,1.332,0.961,0.452,12.7,1001,1623,0
"2016-02-11 06:00:00",138,2.328,138.9,9.46,2.14,1.764,1.426,1.023,12.67,1001,1623,0
"2016-02-11 07:00:00",139,2.27,121.1,9.45,2.035,1.656,1.349,0.844,12.68,1001,1623,0
"2016-02-11 08:00:00",140,2.053,117.2,10.32,1.942,1.732,1.493,0.993,13.38,1001,1623,0
"2016-02-11 09:00:00",141,1.85,139.8,11.31,1.808,1.707,1.565,1.219,14.26,1001,1623,0
"2016-02-11 10:00:00",142,1.401,178.6,23.59,1.396,1.291,1.164,0.962,14.08,1001,1623,0
"2016-02-11 11:00:00",143,1.772,219.4,19.66,1.733,1.635,1.499,1.204,13.62,1001,1623,0
"2016-02-11 12:00:00",144,2.205,226.9,16.61,2.137,2.009,1.833,1.402,13.47,1001,1623,0
"2016-02-11 13:00:00",145,2.475,266.2,17.17,2.41,2.245,2.044,1.44,13.47,1001,1623,0
"2016-02-11 14:00:00",146,2.718,302.3,12.1,2.669,2.515,2.291,1.589,13.51,1001,1623,0
"2016-02-11 15:00:00",147,2.014,325.4,12.62,1.994,1.892,1.74,1.348,13.62,1001,1623,0
"2016-02-11 16:00:00",148,1.419,286.8,14.17,1.415,1.334,1.226,0.878,13.67,1001,1623,0
"2016-02-11 17:00:00",149,1.828,331.9,12.36,1.807,1.711,1.548,1.154,13.66,1001,1623,0
"2016-02-11 18:00:00",150,1.702,15.33,7.488,1.44,1.002,0.711,0.423,13.23,1001,1623,0
"2016-02-11 19:00:00",151,1.382,35.24,8.24,1.102,0.572,0.284,0.004,12.94,1001,1623,0
"2016-02-11 20:00:00",152,1.899,53.7,8.68,1.685,1.233,0.828,0.167,12.9,1001,1623,0
"2016-02-11 21:00:00",153,2.016,72.62,9.44,1.641,1.184,0.797,0.233,12.87,1001,1623,0
"2016-02-11 22:00:00",154,1.264,155.2,18.5,1.241,0.933,0.673,0.267,12.84,1001,1623,0
"2016-02-11 23:00:00",155,1.546,176.5,11.84,1.479,1.219,0.846,0.133,12.82,1001,1623,0
"2016-02-12 00:00:00",156,1.414,151.7,14.14,1.339,1.077,0.75,0.032,12.81,1001,1623,0
"2016-02-12 01:00:00",157,1.773,131.4,6.401,1.546,1.227,0.847,0.203,12.78,1001,1623,0
"2016-02-12 02:00:00",158,1.848,143.7,5.661,1.687,1.379,0.931,0.119,12.77,1001,1623,0
"2016-02-12 03:00:00",159,2,133.4,6.215,1.835,1.435,1.059,0.522,12.74,1001,1623,0
"2016-02-12 04:00:00",160,2.169,130.1,5.686,1.955,1.533,1.203,0.667,12.73,1001,1623,0
"2016-02-12 05:00:00",161,2.165,136.5,7.573,1.979,1.656,1.363,0.923,12.7,1001,1623,0
"2016-02-12 06:00:00",162,1.956,118.2,8.51,1.791,1.434,1.109,0.52,12.67,1001,1623,0
"2016-02-12 07:00:00",163,2.103,106.7,5.717,1.868,1.423,1.09,0.499,12.69,1001,1623,0
"2016-02-12 08:00:00",164,1.984,135.6,7.282,1.896,1.711,1.512,1.149,13.38,1001,1623,0
"2016-02-12 09:00:00",165,1.364,138,15.79,1.361,1.27,1.142,0.917,14.23,1001,1623,0
"2016-02-12 10:00:00",166,1.077,268.3,30.2,1.084,0.952,0.817,0.648,14,1001,1623,0
"2016-02-12 11:00:00",167,1.809,264.7,18.32,1.761,1.663,1.525,1.145,13.6,1001,1623,0
"2016-02-12 12:00:00",168,2.288,275.3,16.87,2.246,2.112,1.95,1.381,13.48,1001,1623,0
"2016-02-12 13:00:00",169,2.55,297.5,12.4,2.496,2.343,2.149,1.484,13.52,1001,1623,0
"2016-02-12 14:00:00",170,2.766,330.9,10.01,2.721,2.571,2.352,1.756,13.55,1001,1623,0
"2016-02-12 15:00:00",171,2.291,332.4,11.12,2.256,2.126,1.936,1.496,13.62,1001,1623,0
"2016-02-12 16:00:00",172,1.54,323.6,14.57,1.526,1.428,1.314,1.006,13.69,1001,1623,0
"2016-02-12 17:00:00",173,1.797,354.4,7.036,1.784,1.695,1.564,1.201,13.69,1001,1623,0
"2016-02-12 18:00:00",174,1.472,36.34,9.12,1.282,0.867,0.572,0.271,13.23,1001,1623,0
"2016-02-12 19:00:00",175,1.327,47.65,6.798,1.115,0.679,0.241,0,12.93,1001,1623,0
"2016-02-12 20:00:00",176,2.09,63.95,9.71,1.701,1.238,0.786,0.174,12.9,1001,1623,0
"2016-02-12 21:00:00",177,1.509,97.6,23.02,1.296,0.999,0.694,0.175,12.87,1001,1623,0
"2016-02-12 22:00:00",178,1.556,165.6,14.09,1.536,1.233,0.776,0.218,12.84,1001,1623,0
"2016-02-12 23:00:00",179,1.588,126.1,6.938,1.41,1.116,0.686,0.067,12.82,1001,1623,0
"2016-02-13 00:00:00",180,1.471,116.5,7.499,1.414,1.129,0.662,0.033,12.8,1001,1623,0
"2016-02-13 01:00:00",181,1.535,125.9,7.62,1.424,1.125,0.638,0.083,12.78,1001,1623,0
"2016-02-13 02:00:00",182,1.618,128.6,7.749,1.408,1.024,0.686,0.093,12.76,1001,1623,0
"2016-02-13 03:00:00",183,2.037,157.8,6.606,1.876,1.518,1.158,0.527,12.74,1001,1623,0
"2016-02-13 04:00:00",184,1.954,143,10.72,1.834,1.479,1.043,0.286,12.72,1001,1623,0
"2016-02-13 05:00:00",185,2.087,110,6.93,1.856,1.422,1.063,0.396,12.7,1001,1623,0
"2016-02-13 06:00:00",186,2.498,137.8,4.75,2.305,1.978,1.678,1.251,12.67,1001,1623,0
"2016-02-13 07:00:00",187,2.394,126.1,6.341,2.154,1.821,1.549,1.05,12.69,1001,1623,0
"2016-02-13 08:00:00",188,2.421,152,8.2,2.319,2.157,1.944,1.552,13.39,1001,1623,0
"2016-02-13 09:00:00",189,1.748,184.9,14.53,1.726,1.644,1.535,1.229,14.26,1001,1623,0
"2016-02-13 10:00:00",190,0.94,282.5,36.46,0.967,0.841,0.799,0.572,14.01,1001,1623,0
"2016-02-13 11:00:00",191,1.335,287.1,38.3,1.319,1.229,1.144,0.862,13.55,1001,1623,0
"2016-02-13 12:00:00",192,1.719,225.5,34.83,1.69,1.569,1.47,1.119,13.37,1001,1623,0
"2016-02-13 13:00:00",193,3.265,279,10.03,3.192,2.96,2.697,1.74,13.45,1001,1623,0
"2016-02-13 14:00:00",194,3.156,306.5,10.57,3.093,2.884,2.622,1.807,13.54,1001,1623,0
"2016-02-13 15:00:00",195,2.377,328.3,10.49,2.345,2.215,2.031,1.532,13.6,1001,1623,0
"2016-02-13 16:00:00",196,2.219,1.811,5.617,2.222,2.165,2.021,1.596,13.61,1001,1623,0
"2016-02-13 17:00:00",197,1.649,334.7,8.88,1.569,1.419,1.285,0.97,13.62,1001,1623,0
"2016-02-13 18:00:00",198,2.014,341,11.18,1.692,1.233,0.9,0.418,13.17,1001,1623,0
"2016-02-13 19:00:00",199,1.979,7.35,6.105,1.745,1.199,0.681,0.054,12.93,1001,1623,0
"2016-02-13 20:00:00",200,1.614,10.35,23.95,1.424,1.148,0.805,0.299,12.89,1001,1623,0
"2016-02-13 21:00:00",201,1.666,169,18.93,1.542,1.25,0.902,0.312,12.87,1001,1623,0
"2016-02-13 22:00:00",202,1.805,147.8,7.538,1.56,1.183,0.793,0.216,12.84,1001,1623,0
"2016-02-13 23:00:00",203,1.603,160.4,16.57,1.441,1.144,0.775,0.148,12.82,1001,1623,0
"2016-02-14 00:00:00",204,1.765,111.7,17.46,1.597,1.207,0.805,0.198,12.81,1001,1623,0
"2016-02-14 01:00:00",205,1.944,140.2,24.15,1.765,1.411,1.022,0.364,12.78,1001,1623,0
"2016-02-14 02:00:00",206,2.126,133,13.65,1.899,1.523,1.178,0.643,12.77,1001,1623,0
"2016-02-14 03:00:00",207,1.686,140.1,13.74,1.511,1.221,0.81,0.214,12.74,1001,1623,0
"2016-02-14 04:00:00",208,1.87,132.2,19.78,1.647,1.311,0.947,0.353,12.73,1001,1623,0
"2016-02-14 05:00:00",209,1.665,139.6,15.8,1.477,1.101,0.728,0.208,12.7,1001,1623,0
"2016-02-14 06:00:00",210,2.078,141.6,21.39,1.825,1.403,0.997,0.43,12.67,1001,1623,0
"2016-02-14 07:00:00",211,2.188,125.8,11.51,1.937,1.563,1.249,0.661,12.69,1001,1623,0
"2016-02-14 08:00:00",212,1.988,125.3,17.38,1.879,1.668,1.428,0.951,13.39,1001,1623,0
"2016-02-14 09:00:00",213,1.565,139.9,24.93,1.539,1.449,1.312,1.001,14.18,1001,1623,0
"2016-02-14 10:00:00",214,1.841,291,32.14,1.816,1.678,1.488,0.995,14,1001,1623,0
"2016-02-14 11:00:00",215,2.545,276.5,15.31,2.487,2.315,2.096,1.417,13.62,1001,1623,0
"2016-02-14 12:00:00",216,3.327,278.1,10.03,3.248,3.005,2.713,1.718,13.47,1001,1623,0
"2016-02-14 13:00:00",217,4.127,291.4,8.51,4.012,3.703,3.306,2.073,13.5,1001,1623,0
"2016-02-14 14:00:00",218,4.159,269.1,7.785,4.039,3.676,3.308,2.046,13.49,1001,1623,0
"2016-02-14 15:00:00",219,2.893,265.1,11.9,2.805,2.587,2.349,1.539,13.47,1001,1623,0
"2016-02-14 16:00:00",220,2.603,237,8.81,2.515,2.297,2.069,1.443,13.47,1001,1623,0
"2016-02-14 17:00:00",221,2.409,281.6,10.98,2.288,2.061,1.829,1.239,13.46,1001,1623,0
"2016-02-14 18:00:00",222,5.489,350.7,10.62,5.07,4.507,3.937,2.848,13.17,1001,1623,0
"2016-02-14 19:00:00",223,4.797,23.54,7.594,4.463,3.997,3.549,2.632,12.95,1001,1623,0
"2016-02-14 20:00:00",224,5.958,12.09,7.032,5.52,4.924,4.356,3.187,12.91,1001,1623,0
"2016-02-14 21:00:00",225,4.562,8.55,10.7,4.156,3.607,3.133,2.263,12.89,1001,1623,0
"2016-02-14 22:00:00",226,4.215,350.8,8.42,3.754,3.136,2.603,1.824,12.86,1001,1623,0
"2016-02-14 23:00:00",227,4.308,330.3,6.126,3.728,3.013,2.467,1.68,12.84,1001,1623,0
"2016-02-15 00:00:00",228,4.367,328.1,7.573,3.8,3.072,2.537,1.721,12.82,1001,1623,0
"2016-02-15 01:00:00",229,5.489,351.3,10.98,5.053,4.428,3.747,2.632,12.82,1001,1623,0
"2016-02-15 02:00:00",230,6.252,352.3,8.85,5.787,5.114,4.384,3.055,12.8,1001,1623,0
"2016-02-15 03:00:00",231,4.827,350.8,10.59,4.367,3.741,3.156,2.199,12.78,1001,1623,0
"2016-02-15 04:00:00",232,4.608,332.3,9.35,4.111,3.418,2.863,1.958,12.78,1001,1623,0
"2016-02-15 05:00:00",233,3.606,9.96,37.36,3.304,2.842,2.419,1.674,12.75,1001,1623,0
"2016-02-15 06:00:00",234,2.053,97,62.51,1.968,1.732,1.497,1.016,12.74,1001,1623,0
"2016-02-15 07:00:00",235,2.424,124.3,23.53,2.207,1.89,1.595,1.151,12.76,1001,1623,0
"2016-02-15 08:00:00",236,2.113,125.1,17.27,1.989,1.799,1.603,1.181,13.31,1001,1623,0
"2016-02-15 09:00:00",237,1.325,104.4,27.21,1.289,1.129,1.017,0.73,14,1001,1623,0
"2016-02-15 10:00:00",238,2.475,251.8,36.71,2.407,2.208,2.022,1.4,13.84,1001,1623,0
"2016-02-15 11:00:00",239,3.598,237.9,14.36,3.495,3.214,2.88,1.987,13.52,1001,1623,0
"2016-02-15 12:00:00",240,3.61,252.2,10.99,3.489,3.207,2.892,1.91,13.37,1001,1623,0
"2016-02-15 13:00:00",241,4.494,267.9,8.65,4.343,3.944,3.536,2.201,13.38,1001,1623,0
"2016-02-15 14:00:00",242,4.594,266.6,7.549,4.446,4.022,3.616,2.191,13.43,1001,1623,0
"2016-02-15 15:00:00",243,4.062,276.1,7.548,3.954,3.627,3.24,2.024,13.46,1001,1623,0
"2016-02-15 16:00:00",244,3.493,260.3,9.37,3.359,3.033,2.705,1.734,13.5,1001,1623,0
"2016-02-15 17:00:00",245,2.766,241,7.293,2.621,2.339,2.084,1.423,13.51,1001,1623,0
"2016-02-15 18:00:00",246,2.264,230.4,5.462,2.018,1.534,1.158,0.618,13.19,1001,1623,0
"2016-02-15 19:00:00",247,1.129,309.8,16.86,1.111,0.885,0.56,0.163,12.92,1001,1623,0
"2016-02-15 20:00:00",248,1.172,87.5,39.75,1.159,0.915,0.727,0.269,12.89,1001,1623,0
"2016-02-15 21:00:00",249,1.739,125,22.32,1.526,1.109,0.787,0.298,12.86,1001,1623,0
"2016-02-15 22:00:00",250,0.714,179.8,38.6,0.884,0.811,0.636,0.245,12.84,1001,1623,0
"2016-02-15 23:00:00",251,1.617,133.8,22.32,1.55,1.245,0.937,0.457,12.82,1001,1623,0
"2016-02-16 00:00:00",252,2.064,172.8,21.25,1.818,1.474,1.215,0.732,12.81,1001,1623,0
"2016-02-16 01:00:00",253,1.858,141.6,17.52,1.612,1.195,0.915,0.449,12.78,1001,1623,0
"2016-02-16 02:00:00",254,2.314,168.1,17.75,2.107,1.711,1.392,0.951,12.78,1001,1623,0
"2016-02-16 03:00:00",255,2.017,135,20.16,1.81,1.411,1.105,0.598,12.75,1001,1623,0
"2016-02-16 04:00:00",256,1.395,112.6,25.72,1.396,1.091,0.733,0.32,12.74,1001,1623,0
"2016-02-16 05:00:00",257,1.769,86.3,28.43,1.623,1.322,0.92,0.398,12.72,1001,1623,0
"2016-02-16 06:00:00",258,1.456,94.7,39.08,1.403,1.2,0.926,0.468,12.71,1001,1623,0
"2016-02-16 07:00:00",259,2.802,208.5,17.6,2.525,2.069,1.655,1.127,12.73,1001,1623,0
"2016-02-16 08:00:00",260,1.939,169.9,35.08,1.863,1.693,1.523,1.165,13.37,1001,1623,0
"2016-02-16 09:00:00",261,1.42,151.5,26.64,1.422,1.328,1.222,1,14.08,1001,1623,0
"2016-02-16 10:00:00",262,2.042,234.1,19.19,2.013,1.879,1.703,1.294,13.93,1001,1623,0
"2016-02-16 11:00:00",263,2.637,233.5,16.02,2.581,2.396,2.161,1.592,13.52,1001,1623,0
"2016-02-16 12:00:00",264,2.607,275.4,14.61,2.548,2.378,2.158,1.577,13.36,1001,1623,0
"2016-02-16 13:00:00",265,2.409,300,15.57,2.364,2.217,2.012,1.435,13.38,1001,1623,0
"2016-02-16 14:00:00",266,3.119,281.9,12.5,3.034,2.806,2.53,1.67,13.4,1001,1623,0
"2016-02-16 15:00:00",267,2.71,244.3,12.33,2.63,2.432,2.208,1.566,13.44,1001,1623,0
"2016-02-16 16:00:00",268,2.3,296,9.71,2.24,2.094,1.904,1.293,13.48,1001,1623,0
"2016-02-16 17:00:00",269,1.739,286,9.02,1.713,1.601,1.458,0.959,13.5,1001,1623,0
"2016-02-16 18:00:00",270,1.505,298.4,6.829,1.227,0.787,0.464,0.133,13.2,1001,1623,0
"2016-02-16 19:00:00",271,2.289,30.33,10.17,2.025,1.58,1.211,0.753,12.94,1001,1623,0
"2016-02-16 20:00:00",272,2.667,77.3,6.318,2.175,1.621,1.252,0.684,12.89,1001,1623,0
"2016-02-16 21:00:00",273,2.066,106,6.417,1.668,1.218,0.864,0.302,12.87,1001,1623,0
"2016-02-16 22:00:00",274,2.188,138.9,8.03,1.966,1.574,1.261,0.789,12.85,1001,1623,0
"2016-02-16 23:00:00",275,2.177,126.5,7.242,1.975,1.595,1.288,0.856,12.81,1001,1623,0
"2016-02-17 00:00:00",276,1.971,202.4,17.88,1.81,1.491,1.185,0.596,12.81,1001,1623,0
"2016-02-17 01:00:00",277,2.056,153.7,7.45,1.894,1.504,1.138,0.563,12.79,1001,1623,0
"2016-02-17 02:00:00",278,1.589,124.2,6.096,1.539,1.193,0.811,0.197,12.77,1001,1623,0
"2016-02-17 03:00:00",279,1.99,94.7,9.6,1.788,1.403,1.049,0.474,12.74,1001,1623,0
"2016-02-17 04:00:00",280,2.184,103.7,6.465,1.912,1.502,1.211,0.612,12.74,1001,1623,0
"2016-02-17 05:00:00",281,2.436,175.4,10.2,2.263,1.923,1.63,1.214,12.71,1001,1623,0
"2016-02-17 06:00:00",282,2.185,146.4,9.66,1.986,1.638,1.367,1.007,12.7,1001,1623,0
"2016-02-17 07:00:00",283,2.013,113.1,9.6,1.77,1.389,1.103,0.569,12.72,1001,1623,0
"2016-02-17 08:00:00",284,1.868,115.8,19.79,1.79,1.571,1.382,0.908,13.38,1001,1623,0
"2016-02-17 09:00:00",285,3.46,137.5,7.741,3.378,3.141,2.837,2.203,14.18,1001,1623,0
"2016-02-17 10:00:00",286,3.305,155.2,9.73,3.242,3.104,2.884,2.37,14.08,1001,1623,0
"2016-02-17 11:00:00",287,3.597,168.6,7.912,3.509,3.379,3.122,2.584,13.69,1001,1623,0
"2016-02-17 12:00:00",288,2.328,170.8,17.96,2.287,2.208,2.055,1.724,13.47,1001,1623,0
"2016-02-17 13:00:00",289,3.161,152.3,17.3,3.079,2.898,2.697,2.208,13.38,1001,1623,0
"2016-02-17 14:00:00",290,4.987,153.3,8.65,4.794,4.503,4.124,3.269,13.43,1001,1623,0
"2016-02-17 15:00:00",291,5.145,158.1,8.09,4.899,4.589,4.207,3.405,13.48,1001,1623,0
"2016-02-17 16:00:00",292,5.113,159.5,7.57,4.832,4.498,4.108,3.325,13.51,1001,1623,0
"2016-02-17 17:00:00",293,4.721,161.4,6.844,4.422,4.067,3.72,2.977,13.43,1001,1623,0
"2016-02-17 18:00:00",294,4.5,170.6,8.47,4.168,3.753,3.355,2.643,13,1001,1623,0
"2016-02-17 19:00:00",295,3.467,238.2,23.61,3.233,2.815,2.457,1.642,12.93,1001,1623,0
"2016-02-17 20:00:00",296,7.11,278,10.44,6.655,5.853,5.185,3.024,12.9,1001,1623,0
"2016-02-17 21:00:00",297,6.279,270,8.12,5.846,5.117,4.523,2.682,12.87,1001,1623,0
"2016-02-17 22:00:00",298,6.131,257.6,8.09,5.663,4.931,4.334,2.644,12.85,1001,1623,0
"2016-02-17 23:00:00",299,6.575,249.9,6.866,6.05,5.228,4.569,2.843,12.83,1001,1623,0
"2016-02-18 00:00:00",300,4.773,233.1,7.862,4.391,3.806,3.294,2.224,12.82,1001,1623,0
"2016-02-18 01:00:00",301,3.691,209.9,12.43,3.455,3.068,2.703,1.931,12.81,1001,1623,0
"2016-02-18 02:00:00",302,3.163,194.8,12.97,2.947,2.627,2.329,1.714,12.78,1001,1623,0
"2016-02-18 03:00:00",303,3.45,263,16.14,3.122,2.638,2.316,1.453,12.77,1001,1623,0
"2016-02-18 04:00:00",304,2.433,69.98,28.51,2.256,1.944,1.667,1.086,12.76,1001,1623,0
"2016-02-18 05:00:00",305,3.248,207.5,25.09,2.975,2.543,2.183,1.349,12.74,1001,1623,0
"2016-02-18 06:00:00",306,4.543,254.6,19.36,4.186,3.641,3.207,2.08,12.74,1001,1623,0
"2016-02-18 07:00:00",307,5.386,287.6,9.36,4.953,4.306,3.783,2.307,12.74,1001,1623,0
"2016-02-18 08:00:00",308,5.102,276.1,8.16,4.74,4.169,3.657,2.206,12.93,1001,1623,0
"2016-02-18 09:00:00",0,5.234,256.5,7.935,4.916,4.354,3.865,2.385,13.56,1004,-7999,0
"2016-02-18 10:00:00",1,5.002,238.4,9.16,4.747,4.235,3.727,2.494,14.04,1004,-7999,0
"2016-02-18 11:00:00",2,4.993,243.8,8.55,4.759,4.264,3.79,2.46,14.06,1004,-7999,0
"2016-02-18 12:00:00",3,4.409,225.3,9.91,4.254,3.916,3.47,2.453,13.83,1004,-7999,0
"2016-02-18 13:00:00",4,4.467,219.7,8.99,4.317,3.973,3.543,2.53,13.47,1004,-7999,0
"2016-02-18 14:00:00",5,5.134,251.6,11.09,4.905,4.413,3.949,2.521,13.48,1004,-7999,0
"2016-02-18 15:00:00",6,5.509,273.8,8.68,5.301,4.798,4.275,2.558,13.54,1004,-7999,0
"2016-02-18 16:00:00",7,4.567,277.5,9.35,4.378,3.976,3.551,2.149,13.64,1004,-7999,0
"2016-02-18 17:00:00",8,3.817,273.9,8.45,3.627,3.264,2.931,1.794,13.7,1004,-7999,0
"2016-02-18 18:00:00",9,5.536,273.6,6.919,5.133,4.519,3.993,2.358,13.06,1004,-7999,0
"2016-02-18 19:00:00",10,6.006,273.7,6.658,5.561,4.866,4.277,2.524,12.91,1004,-7999,0
"2016-02-18 20:00:00",11,6.251,281.4,6.858,5.799,5.057,4.439,2.69,12.89,1004,-7999,0
"2016-02-18 21:00:00",12,5.829,275.3,6.642,5.377,4.657,4.095,2.436,12.86,1004,-7999,0
"2016-02-18 22:00:00",13,4.981,282.5,7.362,4.572,3.961,3.478,2.085,12.85,1004,-7999,0
"2016-02-18 23:00:00",14,3.459,321,21.44,3.19,2.768,2.402,1.572,12.82,1004,-7999,0
"2016-02-19 00:00:00",15,3.619,290,7.866,3.281,2.761,2.372,1.453,12.82,1004,-7999,0
"2016-02-19 01:00:00",16,3.979,311.5,17.33,3.637,3.142,2.721,1.768,12.8,1004,-7999,0
"2016-02-19 02:00:00",17,2.815,306.6,31.69,2.589,2.23,1.937,1.218,12.78,1004,-7999,0
"2016-02-19 03:00:00",18,2.482,306.9,14.89,2.244,1.889,1.564,0.931,12.78,1004,-7999,0
"2016-02-19 04:00:00",19,1.203,26.33,37.14,1.169,0.98,0.78,0.426,12.75,1004,-7999,0
"2016-02-19 05:00:00",20,1.642,56.29,15.35,1.491,1.27,1.038,0.705,12.74,1004,-7999,0
"2016-02-19 06:00:00",21,1.12,85.4,19.14,1.032,0.83,0.617,0.256,12.72,1004,-7999,0
"2016-02-19 07:00:00",22,0.897,187.7,25.19,0.969,0.85,0.618,0.323,12.73,1004,-7999,0
"2016-02-19 08:00:00",23,1.147,169.8,30.23,1.116,0.968,0.838,0.584,13.17,1004,-7999,0
"2016-02-19 09:00:00",24,1.22,343.7,25.78,1.244,1.145,1.032,0.782,13.93,1004,-7999,0
"2016-02-19 10:00:00",25,1.96,329.8,20.02,1.923,1.798,1.639,1.251,14.02,1004,-7999,0
"2016-02-19 11:00:00",26,1.525,38.19,35.46,1.53,1.455,1.349,1.128,13.72,1004,-7999,0
"2016-02-19 12:00:00",27,2.231,196.1,20.5,2.185,2.057,1.923,1.525,13.37,1004,-7999,0
"2016-02-19 13:00:00",28,2.837,275.6,22.15,2.765,2.579,2.356,1.581,13.43,1004,-7999,0
"2016-02-19 14:00:00",29,3.315,296.9,10.86,3.217,2.981,2.708,1.78,13.48,1004,-7999,0
"2016-02-19 15:00:00",30,2.358,344.9,16.48,2.317,2.189,2.008,1.548,13.53,1004,-7999,0
"2016-02-19 16:00:00",31,2.937,316.8,9.13,2.871,2.684,2.41,1.708,13.58,1004,-7999,0
"2016-02-19 17:00:00",32,2.313,295.1,8.94,2.241,2.067,1.866,1.22,13.66,1004,-7999,0
"2016-02-19 18:00:00",33,1.406,289.3,10.46,1.316,1.075,0.774,0.277,13.27,1004,-7999,0
"2016-02-19 19:00:00",34,1.036,169.1,24.59,1.078,0.907,0.563,0.109,12.93,1004,-7999,0
"2016-02-19 20:00:00",35,2.034,59.81,13.56,1.789,1.365,0.985,0.405,12.89,1004,-7999,0
"2016-02-19 21:00:00",36,1.868,64.68,10.84,1.6,1.155,0.708,0.3,12.87,1004,-7999,0
"2016-02-19 22:00:00",37,1.653,203.3,16.13,1.536,1.253,0.919,0.465,12.85,1004,-7999,0
"2016-02-19 23:00:00",38,1.736,263.7,24.58,1.61,1.067,0.588,0.101,12.82,1004,-7999,0
"2016-02-20 00:00:00",39,1.298,79.84,11.5,1.232,1.03,0.678,0.193,12.82,1004,-7999,0
"2016-02-20 01:00:00",40,0.872,113.2,13.91,0.85,0.599,0.398,0.031,12.79,1004,-7999,0
"2016-02-20 02:00:00",41,1.647,137.4,14.36,1.567,1.307,0.865,0.352,12.78,1004,-7999,0
"2016-02-20 03:00:00",42,1.787,133.2,8.7,1.64,1.254,0.771,0.373,12.76,1004,-7999,0
"2016-02-20 04:00:00",43,1.126,123.1,24.53,1.237,1.111,0.683,0.105,12.74,1004,-7999,0
"2016-02-20 05:00:00",44,2.225,118,6.126,1.897,1.514,1.155,0.546,12.72,1004,-7999,0
"2016-02-20 06:00:00",45,2.763,139.3,6.876,2.524,2.158,1.844,1.371,12.7,1004,-7999,0
"2016-02-20 07:00:00",46,3.122,132.3,14.34,2.887,2.513,2.171,1.552,12.72,1004,-7999,0
"2016-02-20 08:00:00",47,3.091,152,7.67,2.974,2.754,2.489,2.034,13.4,1004,-7999,0
"2016-02-20 09:00:00",48,2.344,163.1,11.04,2.307,2.224,2.065,1.712,14.21,1004,-7999,0
"2016-02-20 10:00:00",49,1.407,186.2,25.79,1.418,1.332,1.233,0.986,14.02,1004,-7999,0
"2016-02-20 11:00:00",50,2.991,304.4,11.52,2.928,2.733,2.472,1.675,13.6,1004,-7999,0
"2016-02-20 12:00:00",51,2.943,316,11.01,2.857,2.677,2.432,1.769,13.52,1004,-7999,0
"2016-02-20 13:00:00",52,2.557,281.2,13.86,2.501,2.327,2.15,1.451,13.5,1004,-7999,0
"2016-02-20 14:00:00",53,2.752,280.4,11.13,2.691,2.506,2.282,1.495,13.51,1004,-7999,0
"2016-02-20 15:00:00",54,2.398,303.7,11.66,2.337,2.192,1.991,1.4,13.55,1004,-7999,0
"2016-02-20 16:00:00",55,2.009,239.7,13.42,1.971,1.833,1.666,1.222,13.56,1004,-7999,0
"2016-02-20 17:00:00",56,1.855,308.3,19.74,1.832,1.735,1.576,1.134,13.6,1004,-7999,0
"2016-02-20 18:00:00",57,1.094,340.1,11.94,1.008,0.838,0.62,0.261,13.29,1004,-7999,0
"2016-02-20 19:00:00",58,1.187,48.79,9.99,1.122,0.931,0.369,0.005,12.93,1004,-7999,0
"2016-02-20 20:00:00",59,2.19,85.6,5.8,1.786,1.243,0.78,0.106,12.9,1004,-7999,0
"2016-02-20 21:00:00",60,1.625,95.8,11.15,1.39,0.988,0.649,0.119,12.87,1004,-7999,0
"2016-02-20 22:00:00",61,2.115,150.7,7.847,1.906,1.553,1.209,0.652,12.85,1004,-7999,0
"2016-02-20 23:00:00",62,1.614,188.5,9.33,1.544,1.19,0.738,0.065,12.82,1004,-7999,0
"2016-02-21 00:00:00",63,1.311,19.05,25.34,1.24,0.883,0.585,0.008,12.82,1004,-7999,0
"2016-02-21 01:00:00",64,1.173,33.13,11.58,1.067,0.727,0.4,0.083,12.8,1004,-7999,0
"2016-02-21 02:00:00",65,1.699,138.8,12.01,1.594,1.302,0.845,0.18,12.78,1004,-7999,0
"2016-02-21 03:00:00",66,1.965,161.5,16.69,1.781,1.411,1.002,0.354,12.75,1004,-7999,0
"2016-02-21 04:00:00",67,1.982,122.7,7.412,1.873,1.462,1.07,0.426,12.74,1004,-7999,0
"2016-02-21 05:00:00",68,2.247,141.1,8.55,2.006,1.603,1.278,0.818,12.71,1004,-7999,0
"2016-02-21 06:00:00",69,2.255,142.7,9.85,2.111,1.761,1.43,1.012,12.69,1004,-7999,0
"2016-02-21 07:00:00",70,2.429,131.6,6.144,2.243,1.889,1.567,1.126,12.71,1004,-7999,0
"2016-02-21 08:00:00",71,2.565,126.2,7.996,2.432,2.169,1.923,1.385,13.42,1004,-7999,0
"2016-02-21 09:00:00",72,2.811,146.7,8.32,2.757,2.618,2.375,1.924,14.22,1004,-7999,0
"2016-02-21 10:00:00",73,1.46,170.7,26.15,1.457,1.366,1.256,1.07,14.02,1004,-7999,0
"2016-02-21 11:00:00",74,1.917,226.9,28.13,1.876,1.726,1.593,1.223,13.5,1004,-7999,0
"2016-02-21 12:00:00",75,2.745,232.7,14.54,2.669,2.471,2.216,1.644,13.39,1004,-7999,0
"2016-02-21 13:00:00",76,2.486,280.3,16.25,2.444,2.273,2.072,1.485,13.41,1004,-7999,0
"2016-02-21 14:00:00",77,2.29,334.2,13.24,2.281,2.16,1.995,1.555,13.44,1004,-7999,0
"2016-02-21 15:00:00",78,2.075,331.8,13.63,2.047,1.929,1.761,1.375,13.47,1004,-7999,0
"2016-02-21 16:00:00",79,3.186,328.1,6.322,3.15,2.944,2.664,1.925,13.51,1004,-7999,0
"2016-02-21 17:00:00",80,2.347,336,5.435,2.331,2.201,1.979,1.463,13.57,1004,-7999,0
"2016-02-21 18:00:00",81,2.086,355.2,5.219,1.931,1.572,1.241,0.831,13.27,1004,-7999,0
"2016-02-21 19:00:00",82,2.514,19.97,14.29,2.214,1.635,1.169,0.6,12.93,1004,-7999,0
"2016-02-21 20:00:00",83,2.559,52.45,6.593,2.132,1.589,1.16,0.609,12.89,1004,-7999,0
"2016-02-21 21:00:00",84,1.395,190.5,44.29,1.418,1.312,0.953,0.352,12.87,1004,-7999,0
"2016-02-21 22:00:00",85,2.018,242,23.71,1.824,1.363,0.967,0.371,12.85,1004,-7999,0
"2016-02-21 23:00:00",86,2.3,259.9,6.835,1.969,1.416,1.008,0.305,12.82,1004,-7999,0
"2016-02-22 00:00:00",87,2.237,232.2,21.13,2.011,1.54,1.115,0.492,12.82,1004,-7999,0
"2016-02-22 01:00:00",88,1.746,126.3,25.98,1.592,1.317,1.031,0.548,12.8,1004,-7999,0
"2016-02-22 02:00:00",89,1.537,189.9,41.85,1.505,1.213,0.828,0.334,12.78,1004,-7999,0
"2016-02-22 03:00:00",90,1.629,159.6,31.32,1.576,1.305,0.926,0.349,12.75,1004,-7999,0
"2016-02-22 04:00:00",91,1.871,272.5,34.65,1.52,1.041,0.821,0.357,12.74,1004,-7999,0
"2016-02-22 05:00:00",92,2.1,114.4,16.43,1.815,1.383,1.002,0.413,12.71,1004,-7999,0
"2016-02-22 06:00:00",93,2.451,146.9,7.718,2.202,1.788,1.445,0.905,12.69,1004,-7999,0
"2016-02-22 07:00:00",94,2.007,120.9,16.66,1.828,1.459,1.13,0.645,12.73,1004,-7999,0
"2016-02-22 08:00:00",95,2.343,165.1,13.46,2.247,2.079,1.884,1.516,13.44,1004,-7999,0
"2016-02-22 09:00:00",96,2.481,195.8,32.05,2.437,2.308,2.101,1.631,14.17,1004,-7999,0
"2016-02-22 10:00:00",97,1.8,310.4,40.78,1.791,1.659,1.523,1.152,13.99,1004,-7999,0
"2016-02-22 11:00:00",98,5.263,310,15.01,5.055,4.603,4.063,2.666,13.57,1004,-7999,0
"2016-02-22 12:00:00",99,11.12,0.693,13.85,10.72,9.96,8.72,6.278,13.47,1004,-7999,0
"2016-02-22 13:00:00",100,11.65,3.661,9.58,11.23,10.44,9.26,6.675,13.49,1004,-7999,0
"2016-02-22 14:00:00",101,7.495,355.3,9.73,7.263,6.753,5.957,4.282,13.47,1004,-7999,0
"2016-02-22 15:00:00",102,7.659,349.6,8.22,7.411,6.871,5.963,4.212,13.5,1004,-7999,0
"2016-02-22 16:00:00",103,6.693,2.498,8.51,6.417,5.971,5.29,3.889,13.52,1004,-7999,0
"2016-02-22 17:00:00",104,5.207,7.28,7.592,4.886,4.464,3.965,2.93,13.58,1004,-7999,0
"2016-02-22 18:00:00",105,3.119,16.45,8.45,2.844,2.472,2.101,1.517,13.27,1004,-7999,0
"2016-02-22 19:00:00",106,4.29,19.4,6.307,3.884,3.316,2.857,2.068,12.93,1004,-7999,0
"2016-02-22 20:00:00",107,3.092,15.33,22.71,2.757,2.304,1.898,1.291,12.89,1004,-7999,0
"2016-02-22 21:00:00",108,2.109,125.2,45.7,1.984,1.761,1.481,1.024,12.88,1004,-7999,0
"2016-02-22 22:00:00",109,2.061,210.2,15.78,1.956,1.642,1.296,0.802,12.85,1004,-7999,0
"2016-02-22 23:00:00",110,2.375,205.3,17.06,2.067,1.679,1.332,0.879,12.83,1004,-7999,0
"2016-02-23 00:00:00",111,2.675,176.8,7.843,2.431,2.066,1.715,1.301,12.82,1004,-7999,0
"2016-02-23 01:00:00",112,2.128,118.8,15.9,1.875,1.447,1.09,0.636,12.8,1004,-7999,0
"2016-02-23 02:00:00",113,2.32,131.6,18.49,2.035,1.628,1.275,0.806,12.78,1004,-7999,0
"2016-02-23 03:00:00",114,2.162,155.2,13.18,1.947,1.598,1.245,0.794,12.76,1004,-7999,0
"2016-02-23 04:00:00",115,1.776,147.5,20.03,1.55,1.26,0.875,0.402,12.74,1004,-7999,0
"2016-02-23 05:00:00",116,2.207,135.5,18.39,1.947,1.58,1.176,0.689,12.71,1004,-7999,0
"2016-02-23 06:00:00",117,2.885,166.3,7.928,2.658,2.305,1.975,1.498,12.69,1004,-7999,0
"2016-02-23 07:00:00",118,2.538,100.2,16.18,2.236,1.728,1.236,0.634,12.73,1004,-7999,0
"2016-02-23 08:00:00",119,2.434,73.16,14.29,2.114,1.68,1.285,0.798,13.41,1004,-7999,0
"2016-02-23 09:00:00",120,7.167,38.68,7.36,6.839,6.232,5.584,4.137,14.14,1004,-7999,0
"2016-02-23 10:00:00",121,7.565,38.13,8.15,7.232,6.615,5.938,4.42,14.11,1004,-7999,0
"2016-02-23 11:00:00",122,6.482,28.8,10,6.26,5.812,5.299,3.934,13.8,1004,-7999,0
"2016-02-23 12:00:00",123,4.298,21.47,14.05,4.195,3.979,3.616,2.745,13.54,1004,-7999,0
"2016-02-23 13:00:00",124,4.676,353.8,12.9,4.57,4.312,3.89,2.866,13.5,1004,-7999,0
"2016-02-23 14:00:00",125,4.809,359.7,14.09,4.71,4.472,4.018,2.965,13.52,1004,-7999,0
"2016-02-23 15:00:00",126,4.268,21.49,15.31,4.165,3.942,3.597,2.722,13.56,1004,-7999,0
"2016-02-23 16:00:00",127,4.205,36.45,12.13,4.076,3.813,3.43,2.614,13.65,1004,-7999,0
"2016-02-23 17:00:00",128,2.689,57.68,10.72,2.539,2.341,2.033,1.545,13.68,1004,-7999,0
"2016-02-23 18:00:00",129,1.906,88,11.64,1.693,1.402,1.031,0.563,13.07,1004,-7999,0
"2016-02-23 19:00:00",130,2.559,51.88,9.72,2.247,1.804,1.41,0.902,12.92,1004,-7999,0
"2016-02-23 20:00:00",131,1.795,67.13,21.08,1.693,1.371,0.929,0.245,12.89,1004,-7999,0
"2016-02-23 21:00:00",132,1.565,344.9,21.22,1.433,1.198,0.705,0.178,12.86,1004,-7999,0
"2016-02-23 22:00:00",133,2.387,323,23.61,2.054,1.533,1.14,0.62,12.84,1004,-7999,0
"2016-02-23 23:00:00",134,1.063,74.56,29.41,1,0.862,0.575,0.152,12.82,1004,-7999,0
"2016-02-24 00:00:00",135,1.653,121.2,35.44,1.537,1.347,1.005,0.5,12.81,1004,-7999,0
"2016-02-24 01:00:00",136,1.268,206.6,27.31,1.366,1.228,0.815,0.383,12.79,1004,-7999,0
"2016-02-24 02:00:00",137,2.134,234.2,25.14,1.86,1.395,0.965,0.409,12.77,1004,-7999,0
"2016-02-24 03:00:00",138,2.625,229.2,22.06,2.275,1.727,1.238,0.584,12.74,1004,-7999,0
"2016-02-24 04:00:00",139,2.049,208.5,21.78,1.78,1.409,1.039,0.503,12.73,1004,-7999,0
"2016-02-24 05:00:00",140,2.209,133.6,15.77,2.009,1.66,1.256,0.793,12.7,1004,-7999,0
"2016-02-24 06:00:00",141,2.482,127,9.77,2.251,1.906,1.549,1.065,12.68,1004,-7999,0
"2016-02-24 07:00:00",142,2.562,143.3,7.124,2.364,2.006,1.664,1.233,12.72,1004,-7999,0
"2016-02-24 08:00:00",143,2.141,154.8,9.56,2.059,1.939,1.764,1.426,13.48,1004,-7999,0
"2016-02-24 09:00:00",144,2.653,195.1,8.84,2.602,2.477,2.229,1.748,14.24,1004,-7999,0
"2016-02-24 10:00:00",145,3.429,230.4,8.17,3.318,3.057,2.734,1.932,14.08,1004,-7999,0
"2016-02-24 11:00:00",146,3.658,261.6,11.25,3.535,3.249,2.916,1.876,13.67,1004,-7999,0
"2016-02-24 12:00:00",147,3.802,288.9,10.39,3.674,3.378,3.023,1.914,13.56,1004,-7999,0
"2016-02-24 13:00:00",148,4.137,278.7,9.63,4.015,3.681,3.294,2.049,13.57,1004,-7999,0
"2016-02-24 14:00:00",149,4.575,274,8.22,4.423,4.063,3.613,2.21,13.63,1004,-7999,0
"2016-02-24 15:00:00",150,3.893,266.8,9.64,3.747,3.425,3.076,1.924,13.68,1004,-7999,0
"2016-02-24 16:00:00",151,3.395,273.4,7.856,3.281,2.998,2.687,1.683,13.71,1004,-7999,0
"2016-02-24 17:00:00",152,2.432,280.2,7.342,2.349,2.181,1.958,1.251,13.71,1004,-7999,0
"2016-02-24 18:00:00",153,1.72,292.1,4.85,1.498,1.093,0.806,0.301,13.35,1004,-7999,0
"2016-02-24 19:00:00",154,0.772,108.3,22.98,0.858,0.621,0.461,0.031,12.92,1004,-7999,0
"2016-02-24 20:00:00",155,1.905,89.4,7.965,1.614,1.178,0.741,0.151,12.9,1004,-7999,0
"2016-02-24 21:00:00",156,1.459,116.7,18.2,1.321,1.054,0.626,0.111,12.87,1004,-7999,0
"2016-02-24 22:00:00",157,1.592,169.3,19.85,1.488,1.174,0.803,0.125,12.84,1004,-7999,0
"2016-02-24 23:00:00",158,1.826,142.7,9.02,1.64,1.334,0.875,0.315,12.82,1004,-7999,0
"2016-02-25 00:00:00",159,1.875,121.5,7.592,1.621,1.24,0.84,0.162,12.82,1004,-7999,0
"2016-02-25 01:00:00",160,2.051,144.2,12.19,1.847,1.434,1.07,0.499,12.78,1004,-7999,0
"2016-02-25 02:00:00",161,1.724,120.3,10.56,1.501,1.148,0.7,0.168,12.78,1004,-7999,0
"2016-02-25 03:00:00",162,2.008,123.6,6.751,1.814,1.435,1.039,0.447,12.75,1004,-7999,0
"2016-02-25 04:00:00",163,2.297,132.4,9.39,2.071,1.69,1.348,0.823,12.73,1004,-7999,0
"2016-02-25 05:00:00",164,2.069,140.1,7.573,1.884,1.499,1.142,0.583,12.7,1004,-7999,0
"2016-02-25 06:00:00",165,2.045,111.1,8.84,1.809,1.44,1.118,0.52,12.66,1004,-7999,0
"2016-02-25 07:00:00",166,2.143,137.5,7.646,1.947,1.609,1.307,0.881,12.71,1004,-7999,0
"2016-02-25 08:00:00",167,1.912,156.5,8.68,1.843,1.737,1.579,1.283,13.49,1004,-7999,0
"2016-02-25 09:00:00",168,1.494,166.8,19.3,1.459,1.377,1.278,1.046,14.2,1004,-7999,0
"2016-02-25 10:00:00",169,2.617,289.9,15.44,2.542,2.355,2.127,1.429,14.05,1004,-7999,0
"2016-02-25 11:00:00",170,1.871,291,31.82,1.82,1.702,1.563,1.153,13.6,1004,-7999,0
"2016-02-25 12:00:00",171,2.181,290.3,26.93,2.131,1.999,1.83,1.35,13.47,1004,-7999,0
"2016-02-25 13:00:00",172,2.688,299.2,11.42,2.618,2.448,2.238,1.548,13.48,1004,-7999,0
"2016-02-25 14:00:00",173,2.614,296.2,13.57,2.535,2.365,2.157,1.486,13.52,1004,-7999,0
"2016-02-25 15:00:00",174,2.139,293.3,15.62,2.1,1.973,1.799,1.289,13.54,1004,-7999,0
"2016-02-25 16:00:00",175,2.411,316,9.91,2.35,2.207,1.991,1.457,13.59,1004,-7999,0
"2016-02-25 17:00:00",176,1.836,343.9,8.3,1.821,1.732,1.578,1.214,13.67,1004,-7999,0
"2016-02-25 18:00:00",177,1.569,24.55,6.585,1.465,1.205,0.907,0.371,13.33,1004,-7999,0
"2016-02-25 19:00:00",178,2.045,53.87,4.546,1.723,1.296,0.907,0.227,12.93,1004,-7999,0
"2016-02-25 20:00:00",179,2.282,86.8,7.449,1.825,1.237,0.747,0.111,12.89,1004,-7999,0
"2016-02-25 21:00:00",180,1.807,96.1,9.89,1.524,1.134,0.717,0.155,12.87,1004,-7999,0
"2016-02-25 22:00:00",181,1.447,162.4,12.69,1.337,1.089,0.756,0.186,12.85,1004,-7999,0
"2016-02-25 23:00:00",182,1.028,129.7,20.41,0.866,0.601,0.328,0.006,12.82,1004,-7999,0
"2016-02-26 00:00:00",183,1.269,161.3,13.23,1.135,0.806,0.499,0.019,12.82,1004,-7999,0
"2016-02-26 01:00:00",184,1.462,126,6.651,1.335,1.086,0.632,0.004,12.79,1004,-7999,0
"2016-02-26 02:00:00",185,1.669,123.7,14.3,1.517,1.201,0.77,0.145,12.77,1004,-7999,0
"2016-02-26 03:00:00",186,1.629,150.6,11.29,1.469,1.175,0.731,0.069,12.74,1004,-7999,0
"2016-02-26 04:00:00",187,2.094,133.8,7.652,1.889,1.485,1.064,0.532,12.73,1004,-7999,0
"2016-02-26 05:00:00",188,2.063,130.8,4.645,1.871,1.5,1.125,0.541,12.7,1004,-7999,0
"2016-02-26 06:00:00",189,2.098,125.9,4.267,1.935,1.54,1.163,0.552,12.67,1004,-7999,0
"2016-02-26 07:00:00",190,2.176,121.4,6.169,1.97,1.665,1.347,0.785,12.71,1004,-7999,0
"2016-02-26 08:00:00",191,2.164,135.1,7.865,2.074,1.925,1.73,1.319,13.48,1004,-7999,0
"2016-02-26 09:00:00",192,1.537,175.9,13.51,1.521,1.44,1.348,1.092,14.19,1004,-7999,0
"2016-02-26 10:00:00",193,1.475,189.5,21.96,1.444,1.382,1.311,1.099,13.99,1004,-7999,0
"2016-02-26 11:00:00",194,2.062,255,23.2,2.009,1.879,1.744,1.229,13.54,1004,-7999,0
"2016-02-26 12:00:00",195,2.363,289.8,14.22,2.316,2.177,1.996,1.377,13.48,1004,-7999,0
"2016-02-26 13:00:00",196,2.183,293.2,16.75,2.14,2.025,1.868,1.319,13.47,1004,-7999,0
"2016-02-26 14:00:00",197,2.596,294.7,11.49,2.54,2.367,2.162,1.454,13.49,1004,-7999,0
"2016-02-26 15:00:00",198,1.977,318.1,12.85,1.946,1.847,1.721,1.303,13.51,1004,-7999,0
"2016-02-26 16:00:00",199,1.872,324.6,10.39,1.853,1.76,1.611,1.237,13.53,1004,-7999,0
"2016-02-26 17:00:00",200,1.526,356.1,7.9,1.516,1.449,1.308,0.995,13.52,1004,-7999,0
"2016-02-26 18:00:00",201,0.343,34.65,5.951,0.366,0.393,0.309,0.011,13.06,1004,-7999,0
"2016-02-26 19:00:00",202,1.114,87.8,8.55,1.157,0.933,0.49,0.094,12.92,1004,-7999,0
"2016-02-26 20:00:00",203,1.893,87,7.379,1.588,1.143,0.703,0.198,12.89,1004,-7999,0
"2016-02-26 21:00:00",204,2.076,114.3,10.54,1.815,1.432,1.071,0.565,12.86,1004,-7999,0
"2016-02-26 22:00:00",205,1.278,87.4,16.34,1.07,0.688,0.361,0.045,12.85,1004,-7999,0
"2016-02-26 23:00:00",206,1.626,240.8,20.82,1.576,1.267,0.852,0.269,12.82,1004,-7999,0
"2016-02-27 00:00:00",207,1.447,136.2,13.86,1.277,0.976,0.599,0.037,12.81,1004,-7999,0
"2016-02-27 01:00:00",208,1.468,114.9,8.63,1.344,1.087,0.583,0.099,12.79,1004,-7999,0
"2016-02-27 02:00:00",209,2.692,149.3,7.035,2.443,2.067,1.723,1.226,12.77,1004,-7999,0
"2016-02-27 03:00:00",210,2.458,119.3,5.598,2.115,1.796,1.485,0.954,12.75,1004,-7999,0
"2016-02-27 04:00:00",211,1.739,139.5,11.31,1.476,1.139,0.833,0.403,12.74,1004,-7999,0
"2016-02-27 05:00:00",212,2.687,115.4,6.654,2.378,1.963,1.545,0.9,12.7,1004,-7999,0
"2016-02-27 06:00:00",213,3.453,145.4,8.8,3.213,2.833,2.482,1.875,12.69,1004,-7999,0
"2016-02-27 07:00:00",214,2.663,127.5,10.97,2.424,2.015,1.676,1.126,12.72,1004,-7999,0
"2016-02-27 08:00:00",215,2.414,117.7,11.04,2.242,2.003,1.683,1.112,13.45,1004,-7999,0
"2016-02-27 09:00:00",216,2.135,152,12.04,2.097,2,1.828,1.455,14.15,1004,-7999,0
"2016-02-27 10:00:00",217,1.732,157.9,15.86,1.708,1.643,1.518,1.285,13.99,1004,-7999,0
"2016-02-27 11:00:00",218,1.6,175.9,28.02,1.568,1.487,1.367,1.145,13.5,1004,-7999,0
"2016-02-27 12:00:00",219,2.098,244.8,24.36,2.037,1.902,1.762,1.304,13.35,1004,-7999,0
"2016-02-27 13:00:00",220,2.21,286.5,33.34,2.171,2.04,1.88,1.294,13.34,1004,-7999,0
"2016-02-27 14:00:00",221,2.646,296.5,10.68,2.602,2.454,2.24,1.504,13.41,1004,-7999,0
"2016-02-27 15:00:00",222,2.62,317.2,9.5,2.577,2.429,2.225,1.603,13.48,1004,-7999,0
"2016-02-27 16:00:00",223,2.549,318.9,9.11,2.509,2.355,2.148,1.535,13.52,1004,-7999,0
"2016-02-27 17:00:00",224,2.648,337.9,6.251,2.603,2.439,2.199,1.581,13.56,1004,-7999,0
"2016-02-27 18:00:00",225,2.206,6.568,5.912,1.957,1.64,1.354,0.907,13.3,1004,-7999,0
"2016-02-27 19:00:00",226,2.132,51.28,5.094,1.763,1.257,0.766,0.237,12.93,1004,-7999,0
"2016-02-27 20:00:00",227,1.891,82.8,8.31,1.588,1.181,0.695,0.061,12.89,1004,-7999,0
"2016-02-27 21:00:00",228,2.035,124.5,11.36,1.787,1.42,0.928,0.374,12.86,1004,-7999,0
"2016-02-27 22:00:00",229,2.079,149.1,16.24,1.858,1.418,1.008,0.461,12.84,1004,-7999,0
"2016-02-27 23:00:00",230,1.648,170,26.35,1.528,1.253,0.894,0.245,12.82,1004,-7999,0
"2016-02-28 00:00:00",231,2.119,106.6,9.96,1.889,1.461,1.038,0.259,12.82,1004,-7999,0
"2016-02-28 01:00:00",232,1.612,94,13.24,1.407,1.104,0.819,0.358,12.79,1004,-7999,0
"2016-02-28 02:00:00",233,0.981,111.7,25.18,0.756,0.528,0.375,0.072,12.78,1004,-7999,0
"2016-02-28 03:00:00",234,1.312,192,29.21,1.218,1.004,0.796,0.236,12.75,1004,-7999,0
"2016-02-28 04:00:00",235,1.894,154.4,17.37,1.742,1.376,0.893,0.396,12.74,1004,-7999,0
"2016-02-28 05:00:00",236,1.477,104.2,23.9,1.361,1.103,0.773,0.329,12.72,1004,-7999,0
"2016-02-28 06:00:00",237,2.313,114.3,9.15,2.037,1.593,1.238,0.625,12.7,1004,-7999,0
"2016-02-28 07:00:00",238,2.273,123.8,6.699,2.012,1.671,1.379,0.849,12.74,1004,-7999,0
"2016-02-28 08:00:00",239,2.871,154.6,6.893,2.725,2.516,2.304,1.826,13.46,1004,-7999,0
"2016-02-28 09:00:00",240,2.432,168.8,10.13,2.374,2.277,2.099,1.721,14.19,1004,-7999,0
"2016-02-28 10:00:00",241,2.521,167.5,12.59,2.459,2.357,2.198,1.794,14.03,1004,-7999,0
"2016-02-28 11:00:00",242,1.535,184.7,35.33,1.511,1.435,1.324,1.072,13.79,1004,-7999,0
"2016-02-28 12:00:00",243,1.959,194,31.96,1.899,1.789,1.651,1.314,13.43,1004,-7999,0
"2016-02-28 13:00:00",244,2.368,300.4,22.82,2.29,2.132,1.938,1.386,13.41,1004,-7999,0
"2016-02-28 14:00:00",245,2.265,248.3,22.54,2.193,2.031,1.844,1.321,13.38,1004,-7999,0
"2016-02-28 15:00:00",246,2.974,302,19.89,2.901,2.71,2.454,1.743,13.44,1004,-7999,0
"2016-02-28 16:00:00",247,2.994,356,10.56,2.961,2.826,2.58,1.95,13.48,1004,-7999,0
"2016-02-28 17:00:00",248,2.591,0.879,4.311,2.579,2.482,2.271,1.686,13.53,1004,-7999,0
"2016-02-28 18:00:00",249,2.125,15.61,4.27,1.917,1.563,1.272,0.789,13.2,1004,-7999,0
"2016-02-28 19:00:00",250,2.186,39.09,4.225,1.759,1.216,0.726,0.209,12.93,1004,-7999,0
"2016-02-28 20:00:00",251,2.452,59.48,3.609,1.946,1.444,1.009,0.36,12.89,1004,-7999,0
"2016-02-28 21:00:00",252,2.165,97.8,7.576,1.849,1.397,0.996,0.361,12.87,1004,-7999,0
"2016-02-28 22:00:00",253,1.982,143.6,12.53,1.837,1.527,1.151,0.589,12.85,1004,-7999,0
"2016-02-28 23:00:00",254,1.729,214.4,17.89,1.522,1.139,0.866,0.459,12.82,1004,-7999,0
"2016-02-29 00:00:00",255,1.199,103.9,12.67,1.243,1.068,0.675,0.101,12.81,1004,-7999,0
"2016-02-29 01:00:00",256,1.95,103.3,6.167,1.658,1.23,0.837,0.21,12.8,1004,-7999,0
"2016-02-29 02:00:00",257,1.894,132.7,7.366,1.682,1.347,0.981,0.492,12.78,1004,-7999,0
"2016-02-29 03:00:00",258,2.105,160,5.323,1.963,1.635,1.328,0.891,12.76,1004,-7999,0
"2016-02-29 04:00:00",259,2.246,161.2,7.146,2.059,1.728,1.432,1.025,12.74,1004,-7999,0
"2016-02-29 05:00:00",260,1.904,157.7,12.77,1.772,1.469,1.139,0.631,12.73,1004,-7999,0
"2016-02-29 06:00:00",261,2.251,120.2,7.277,1.951,1.606,1.213,0.624,12.7,1004,-7999,0
"2016-02-29 07:00:00",262,1.837,96.6,19.18,1.68,1.398,1.096,0.662,12.74,1004,-7999,0
"2016-02-29 08:00:00",263,2.342,140.5,20.93,2.293,2.098,1.855,1.359,13.41,1004,-7999,0
"2016-02-29 09:00:00",264,1.969,124.9,16.04,1.918,1.787,1.601,1.165,14.1,1004,-7999,0
"2016-02-29 10:00:00",265,2.357,147.2,14.66,2.306,2.2,2.015,1.622,13.97,1004,-7999,0
"2016-02-29 11:00:00",266,2.025,162.4,18.14,1.987,1.893,1.752,1.457,13.55,1004,-7999,0
"2016-02-29 12:00:00",267,1.94,250.8,46.18,1.918,1.782,1.627,1.218,13.32,1004,-7999,0
"2016-02-29 13:00:00",268,2.227,258.8,29.72,2.199,2.058,1.884,1.323,13.3,1004,-7999,0
"2016-02-29 14:00:00",269,2.423,299.2,14.17,2.395,2.247,2.061,1.424,13.37,1004,-7999,0
"2016-02-29 15:00:00",270,2.358,331.2,12.61,2.347,2.235,2.058,1.541,13.39,1004,-7999,0
"2016-02-29 16:00:00",271,2.124,335.3,9.77,2.127,2.022,1.86,1.418,13.45,1004,-7999,0
"2016-02-29 17:00:00",272,2.046,335,9.6,2.047,1.934,1.753,1.285,13.49,1004,-7999,0
"2016-02-29 18:00:00",273,1.566,334.2,9.68,1.406,1.142,0.9,0.559,13.24,1004,-7999,0
"2016-02-29 19:00:00",274,2.351,35.11,5.969,2.083,1.655,1.299,0.779,12.93,1004,-7999,0
"2016-02-29 20:00:00",275,2.237,59.88,6.652,1.895,1.433,1.036,0.339,12.89,1004,-7999,0
"2016-02-29 21:00:00",276,2.041,110.2,9.84,1.805,1.371,0.964,0.37,12.87,1004,-7999,0
"2016-02-29 22:00:00",277,2.131,129.1,12.23,1.884,1.52,1.211,0.698,12.85,1004,-7999,0
"2016-02-29 23:00:00",278,1.888,155.9,15.47,1.702,1.376,1.059,0.502,12.82,1004,-7999,0
"2016-03-01 00:00:00",279,2.009,122,8.48,1.821,1.497,1.102,0.466,12.82,1004,-7999,0
"2016-03-01 01:00:00",280,1.694,120.1,27.23,1.559,1.23,0.857,0.191,12.79,1004,-7999,0
"2016-03-01 02:00:00",281,1.628,217.4,9.63,1.405,0.895,0.473,0.09,12.78,1004,-7999,0
"2016-03-01 03:00:00",282,1.177,122.7,8.2,1.17,1.014,0.467,0.008,12.75,1004,-7999,0
"2016-03-01 04:00:00",283,1.61,132.2,8.53,1.447,1.298,0.768,0.118,12.74,1004,-7999,0
"2016-03-01 05:00:00",284,1.625,121.2,27.17,1.433,1.106,0.785,0.246,12.72,1004,-7999,0
"2016-03-01 06:00:00",285,2.016,149.6,14.26,1.837,1.477,1.164,0.707,12.7,1004,-7999,0
"2016-03-01 07:00:00",286,2.079,134.9,8.57,1.901,1.561,1.269,0.795,12.78,1004,-7999,0
"2016-03-01 08:00:00",287,2.252,127.4,6.796,2.15,1.961,1.74,1.219,13.41,1004,-7999,0
"2016-03-01 09:00:00",288,2.04,140.7,10.35,2.007,1.887,1.728,1.35,14.05,1004,-7999,0
"2016-03-01 10:00:00",289,1.614,135,20.2,1.586,1.485,1.376,1.071,13.97,1004,-7999,0
"2016-03-01 11:00:00",290,2.111,161.6,15.44,2.075,1.962,1.837,1.524,13.63,1004,-7999,0
"2016-03-01 12:00:00",291,1.907,186.9,19.05,1.868,1.752,1.631,1.374,13.33,1004,-7999,0
"2016-03-01 13:00:00",292,1.958,216.9,25.02,1.911,1.786,1.65,1.299,13.29,1004,-7999,0
"2016-03-01 14:00:00",293,2.031,194.4,34.9,1.992,1.901,1.743,1.437,13.31,1004,-7999,0
"2016-03-01 15:00:00",294,2.684,264.6,26.79,2.618,2.411,2.18,1.486,13.37,1004,-7999,0
"2016-03-01 16:00:00",295,2.653,280.7,9.34,2.62,2.425,2.201,1.437,13.46,1004,-7999,0
"2016-03-01 17:00:00",296,1.792,313.5,8.02,1.795,1.699,1.534,1.117,13.5,1004,-7999,0
"2016-03-01 18:00:00",297,2.136,4.904,5.794,1.936,1.665,1.436,1.056,13.2,1004,-7999,0
"2016-03-01 19:00:00",298,2.735,40.26,7.417,2.275,1.714,1.335,0.824,12.93,1004,-7999,0
"2016-03-01 20:00:00",299,2.218,93.3,7.213,1.825,1.291,0.862,0.26,12.89,1004,-7999,0
"2016-03-01 21:00:00",300,2.477,116.4,6.124,2.106,1.65,1.287,0.76,12.88,1004,-7999,0
"2016-03-01 22:00:00",301,1.978,121.6,26.84,1.722,1.319,0.99,0.419,12.85,1004,-7999,0
"2016-03-01 23:00:00",302,1.774,131.4,12.38,1.568,1.205,0.897,0.302,12.82,1004,-7999,0
"2016-03-02 00:00:00",303,2.335,146.5,8.25,2.073,1.657,1.267,0.775,12.82,1004,-7999,0
"2016-03-02 01:00:00",304,2.028,142.5,32.5,1.882,1.561,1.218,0.656,12.8,1004,-7999,0
"2016-03-02 02:00:00",305,2.381,100.3,11.52,2.071,1.647,1.312,0.739,12.78,1004,-7999,0
"2016-03-02 03:00:00",306,2.663,130,6.66,2.41,1.987,1.626,1.106,12.76,1004,-7999,0
"2016-03-02 04:00:00",307,2.387,119.5,17.28,2.164,1.848,1.537,0.98,12.74,1004,-7999,0
"2016-03-02 05:00:00",308,2.232,96.4,19.67,1.979,1.563,1.173,0.642,12.72,1004,-7999,0
"2016-03-02 06:00:00",309,2.264,166.8,13.33,2.085,1.755,1.441,0.989,12.7,1004,-7999,0
"2016-03-02 07:00:00",310,2.471,99.5,15.24,2.168,1.747,1.37,0.73,12.76,1004,-7999,0
"2016-03-02 08:00:00",311,2.975,118.9,10.15,2.716,2.375,1.979,1.282,13.37,1004,-7999,0
"2016-03-02 09:00:00",312,3.923,135.8,8.17,3.771,3.446,3.04,2.204,14.07,1004,-7999,0
"2016-03-02 10:00:00",313,3.058,138.9,9.45,2.989,2.789,2.537,1.877,14.01,1004,-7999,0
"2016-03-02 11:00:00",314,2.32,195.9,25.63,2.279,2.148,1.97,1.505,13.54,1004,-7999,0
"2016-03-02 12:00:00",315,2.198,249.3,25.84,2.164,2.014,1.845,1.271,13.33,1004,-7999,0
"2016-03-02 13:00:00",316,1.887,187.1,39.3,1.85,1.767,1.638,1.298,13.29,1004,-7999,0
"2016-03-02 14:00:00",317,2.014,273,30.88,1.982,1.848,1.644,1.164,13.32,1004,-7999,0
"2016-03-02 15:00:00",318,2.606,261.8,17,2.543,2.348,2.076,1.398,13.37,1004,-7999,0
"2016-03-02 16:00:00",319,2.673,246.8,16.98,2.583,2.348,2.088,1.403,13.4,1004,-7999,0
"2016-03-02 17:00:00",320,2.566,283.3,21.57,2.479,2.286,2.005,1.378,13.47,1004,-7999,0
"2016-03-02 18:00:00",321,2.313,357.1,8.38,2.055,1.739,1.452,0.945,13.16,1004,-7999,0
"2016-03-02 19:00:00",322,2.493,40.13,5.457,2.16,1.676,1.311,0.835,12.94,1004,-7999,0
"2016-03-02 20:00:00",323,1.722,95.4,21.94,1.475,1.067,0.689,0.288,12.89,1004,-7999,0
"2016-03-02 21:00:00",324,1.965,73.26,15.55,1.733,1.362,0.965,0.321,12.87,1004,-7999,0
"2016-03-02 22:00:00",325,2.617,149.7,16.91,2.464,2.118,1.75,1.208,12.85,1004,-7999,0
"2016-03-02 23:00:00",326,2.492,120.9,13.52,2.225,1.778,1.363,0.779,12.82,1004,-7999,0
"2016-03-03 00:00:00",327,1.532,57.18,21.82,1.419,1.112,0.806,0.316,12.81,1004,-7999,0
"2016-03-03 01:00:00",328,2.268,87.2,6.738,1.985,1.511,1.086,0.464,12.78,1004,-7999,0
"2016-03-03 02:00:00",329,2.728,110.7,11.79,2.369,1.918,1.503,0.835,12.78,1004,-7999,0
"2016-03-03 03:00:00",330,2.059,128.3,10.06,1.843,1.451,1.058,0.472,12.75,1004,-7999,0
"2016-03-03 04:00:00",331,2.229,127.6,10.69,1.947,1.587,1.229,0.585,12.74,1004,-7999,0
"2016-03-03 05:00:00",332,2.698,138.6,9.54,2.48,2.103,1.75,1.22,12.72,1004,-7999,0
"2016-03-03 06:00:00",333,2.59,126.1,8.77,2.307,1.93,1.565,0.954,12.7,1004,-7999,0
"2016-03-03 07:00:00",334,2.255,109.1,11.89,2.021,1.649,1.304,0.648,12.75,1004,-7999,0
"2016-03-03 08:00:00",335,2.266,117.4,9.93,2.148,1.943,1.67,1.086,13.52,1004,-7999,0
"2016-03-03 09:00:00",336,1.97,168,11.71,1.941,1.85,1.693,1.349,14.09,1004,-7999,0
"2016-03-03 10:00:00",337,1.599,222.6,28.14,1.592,1.505,1.378,1.009,13.91,1004,-7999,0
"2016-03-03 11:00:00",338,1.46,290.7,60.51,1.46,1.37,1.257,0.923,13.41,1004,-7999,0
"2016-03-03 12:00:00",339,1.872,314.4,38.05,1.847,1.717,1.551,1.11,13.28,1004,-7999,0
"2016-03-03 13:00:00",340,2.866,284.1,16.87,2.825,2.618,2.35,1.483,13.32,1004,-7999,0
"2016-03-03 14:00:00",341,2.588,309.8,12.14,2.558,2.388,2.145,1.458,13.39,1004,-7999,0
"2016-03-03 15:00:00",342,2.194,309.3,10.83,2.16,2.017,1.818,1.245,13.43,1004,-7999,0
"2016-03-03 16:00:00",343,1.627,326,14.32,1.621,1.527,1.385,0.992,13.47,1004,-7999,0
"2016-03-03 17:00:00",344,1.451,338.4,11.79,1.458,1.375,1.235,0.847,13.49,1004,-7999,0
"2016-03-03 18:00:00",345,1.647,24.77,7.723,1.546,1.237,0.969,0.418,13.07,1004,-7999,0
"2016-03-03 19:00:00",346,1.726,79.12,7.782,1.487,1.112,0.718,0.148,12.92,1004,-7999,0
"2016-03-03 20:00:00",347,2.227,110,11.18,1.912,1.433,1.082,0.423,12.89,1004,-7999,0
"2016-03-03 21:00:00",348,1.578,136.9,15.93,1.379,0.979,0.701,0.299,12.87,1004,-7999,0
"2016-03-03 22:00:00",349,1.544,193.2,35.18,1.448,1.091,0.796,0.242,12.84,1004,-7999,0
"2016-03-03 23:00:00",350,2.216,174.1,12.84,2.077,1.762,1.444,0.866,12.82,1004,-7999,0
"2016-03-04 00:00:00",351,3.948,268.7,8.96,3.532,2.895,2.444,1.396,12.82,1004,-7999,0
"2016-03-04 01:00:00",352,3.077,333.8,8.29,2.715,2.137,1.703,0.996,12.81,1004,-7999,0
"2016-03-04 02:00:00",353,2.111,66.12,18.07,1.894,1.558,1.26,0.686,12.78,1004,-7999,0
"2016-03-04 03:00:00",354,2.291,118.3,8.29,2.021,1.622,1.263,0.597,12.76,1004,-7999,0
"2016-03-04 04:00:00",355,2.127,124.6,7.611,1.902,1.541,1.232,0.631,12.74,1004,-7999,0
"2016-03-04 05:00:00",356,2.123,111.7,8.5,1.822,1.462,1.152,0.493,12.72,1004,-7999,0
"2016-03-04 06:00:00",357,2.161,135.3,7.925,1.905,1.468,1.11,0.473,12.7,1004,-7999,0
"2016-03-04 07:00:00",358,2.685,116.3,5.147,2.252,1.836,1.456,0.714,12.75,1004,-7999,0
"2016-03-04 08:00:00",359,2.212,121.2,8.49,2.121,1.908,1.648,1.062,13.52,1004,-7999,0
"2016-03-04 09:00:00",360,1.603,137.2,40.33,1.586,1.487,1.322,0.913,14.08,1004,-7999,0
"2016-03-04 10:00:00",361,1.264,210.9,52.91,1.27,1.189,1.085,0.786,13.82,1004,-7999,0
"2016-03-04 11:00:00",362,2.19,236.5,21.99,2.161,2.013,1.825,1.278,13.33,1004,-7999,0
"2016-03-04 12:00:00",363,2.282,209.4,21.83,2.242,2.112,1.926,1.436,13.32,1004,-7999,0
"2016-03-04 13:00:00",364,1.753,189.4,48.58,1.724,1.633,1.482,1.156,13.29,1004,-7999,0
"2016-03-04 14:00:00",365,1.537,165.9,47.27,1.509,1.443,1.286,0.973,13.29,1004,-7999,0
"2016-03-04 15:00:00",366,1.77,164,41.7,1.743,1.654,1.509,1.172,13.32,1004,-7999,0
"2016-03-04 16:00:00",367,2.105,155.3,11.26,2.085,1.996,1.826,1.472,13.39,1004,-7999,0
"2016-03-04 17:00:00",368,2.394,158.1,7.748,2.285,2.139,1.94,1.54,13.41,1004,-7999,0
"2016-03-04 18:00:00",369,1.703,124.2,12.48,1.522,1.237,0.988,0.61,13.08,1004,-7999,0
"2016-03-04 19:00:00",370,3.544,156.7,17.17,3.313,2.894,2.431,1.624,12.93,1004,-7999,0
"2016-03-04 20:00:00",371,5.508,244.4,12.29,5.104,4.391,3.824,2.318,12.9,1004,-7999,0
"2016-03-04 21:00:00",372,4.974,238.2,8.86,4.606,3.965,3.413,2.163,12.87,1004,-7999,0
"2016-03-04 22:00:00",373,6.066,246.8,8.35,5.626,4.818,4.19,2.558,12.85,1004,-7999,0
"2016-03-04 23:00:00",374,5.437,251.5,7.263,5.039,4.311,3.751,2.241,12.82,1004,-7999,0
"2016-03-05 00:00:00",375,6.199,266.9,6.389,5.765,4.971,4.343,2.448,12.82,1004,-7999,0
"2016-03-05 01:00:00",376,4.261,261.7,7.271,3.874,3.241,2.787,1.603,12.8,1004,-7999,0
"2016-03-05 02:00:00",377,2.582,264.2,10.61,2.339,1.893,1.517,0.818,12.78,1004,-7999,0
"2016-03-05 03:00:00",378,4.905,299,7.836,4.489,3.825,3.308,1.961,12.77,1004,-7999,0
"2016-03-05 04:00:00",379,2.701,92.9,21.5,2.465,2.071,1.727,1.087,12.74,1004,-7999,0
"2016-03-05 05:00:00",380,1.921,101.7,31.9,1.89,1.625,1.349,0.829,12.74,1004,-7999,0
"2016-03-05 06:00:00",381,2.089,105,18.17,1.888,1.56,1.255,0.712,12.71,1004,-7999,0
"2016-03-05 07:00:00",382,2.013,109.9,10.93,1.838,1.571,1.282,0.663,12.73,1004,-7999,0
"2016-03-05 08:00:00",383,2.253,110.1,9.22,2.167,1.943,1.66,1.03,13.33,1004,-7999,0
"2016-03-05 09:00:00",384,1.673,97.3,12.23,1.636,1.493,1.256,0.675,13.82,1004,-7999,0
"2016-03-05 10:00:00",385,1.988,195.7,20.4,1.949,1.815,1.643,1.227,14.1,1004,-7999,0
"2016-03-05 11:00:00",386,1.592,219.5,28.75,1.58,1.467,1.317,0.934,14.01,1004,-7999,0
"2016-03-05 12:00:00",387,2.588,157.1,15.93,2.57,2.473,2.295,1.784,13.82,1004,-7999,0
"2016-03-05 13:00:00",388,2.424,154.5,14.36,2.403,2.292,2.113,1.677,13.51,1004,-7999,0
"2016-03-05 14:00:00",389,2.625,162.7,12.72,2.604,2.497,2.313,1.833,13.49,1004,-7999,0
"2016-03-05 15:00:00",390,2.17,172.1,10.78,2.157,2.064,1.916,1.529,13.49,1004,-7999,0
"2016-03-05 16:00:00",391,1.531,194.2,22.83,1.534,1.448,1.293,0.927,13.57,1004,-7999,0
"2016-03-05 17:00:00",392,2.363,310.5,6.643,2.196,1.939,1.709,1.147,13.31,1004,-7999,0
"2016-03-05 18:00:00",393,1.511,249.5,21.56,1.355,1.119,0.917,0.468,13.03,1004,-7999,0
"2016-03-05 19:00:00",394,1.33,33.6,42.63,1.241,1.006,0.739,0.294,12.92,1004,-7999,0
"2016-03-05 20:00:00",395,1.07,117.9,23.69,1.024,0.719,0.515,0.18,12.9,1004,-7999,0
"2016-03-05 21:00:00",396,2.685,233.4,18.93,2.521,2.122,1.682,0.86,12.88,1004,-7999,0
"2016-03-05 22:00:00",397,6.131,266,10.34,5.715,4.959,4.358,2.454,12.86,1004,-7999,0
"2016-03-05 23:00:00",398,8.12,260.1,7.377,7.608,6.589,5.784,3.319,12.84,1004,-7999,0
"2016-03-06 00:00:00",399,9.53,257.9,7.329,8.92,7.742,6.75,3.957,12.82,1004,-7999,0
"2016-03-06 01:00:00",400,9.68,258.5,7.498,9.07,7.889,6.9,3.982,12.82,1004,-7999,0
"2016-03-06 02:00:00",401,6.025,252,14.56,5.635,4.898,4.295,2.643,12.8,1004,-7999,0
"2016-03-06 03:00:00",402,7.918,282.4,10.14,7.389,6.433,5.656,3.28,12.78,1004,-7999,0
"2016-03-06 04:00:00",403,9.2,286.5,10.4,8.52,7.419,6.483,3.741,12.78,1004,-7999,0
"2016-03-06 05:00:00",404,5.471,258.3,14.08,5.091,4.387,3.812,2.236,12.75,1004,-7999,0
"2016-03-06 06:00:00",405,5.081,241.3,9.29,4.703,4.025,3.488,2.177,12.74,1004,-7999,0
"2016-03-06 07:00:00",406,5.56,228.7,12.02,5.213,4.549,4.003,2.537,12.79,1004,-7999,0
"2016-03-06 08:00:00",407,4.136,187.1,27.86,3.979,3.624,3.213,2.33,13.46,1004,-7999,0
"2016-03-06 09:00:00",408,4.88,204.2,9.76,4.708,4.295,3.809,2.686,14.06,1004,-7999,0
"2016-03-06 10:00:00",409,3.625,196.6,11.34,3.536,3.299,2.998,2.199,13.97,1004,-7999,0
"2016-03-06 11:00:00",410,2.362,149.7,48.01,2.322,2.196,2.038,1.586,13.53,1004,-7999,0
"2016-03-06 12:00:00",411,3.424,299.8,13.26,3.326,3.062,2.753,1.812,13.42,1004,-7999,0
"2016-03-06 13:00:00",412,10.72,266.6,9.85,10.2,9.01,7.916,4.464,13.49,1004,-7999,0
"2016-03-06 14:00:00",413,10.91,273.4,6.917,10.35,9.13,8.03,4.537,13.63,1004,-7999,0
"2016-03-06 15:00:00",414,9.66,265.8,7.583,9.2,8.13,7.182,4.046,13.71,1004,-7999,0
"2016-03-06 16:00:00",415,7.136,258.2,9.62,6.785,6.01,5.302,3.132,13.72,1004,-7999,0
"2016-03-06 17:00:00",416,8.69,266.1,8.83,8.2,7.191,6.328,3.651,13.72,1004,-7999,0
"2016-03-06 18:00:00",417,9.06,261.3,7.695,8.53,7.419,6.501,3.757,13.31,1004,-7999,0
"2016-03-06 19:00:00",418,9.65,263.8,7.315,9.04,7.843,6.888,3.987,12.9,1004,-7999,0
"2016-03-06 20:00:00",419,7.954,271.4,6.354,7.487,6.548,5.76,3.26,12.89,1004,-7999,0
"2016-03-06 21:00:00",420,8.42,262.4,7.279,7.88,6.857,6.026,3.475,12.86,1004,-7999,0
"2016-03-06 22:00:00",421,7.263,266.3,6.99,6.788,5.905,5.193,2.98,12.85,1004,-7999,0
"2016-03-06 23:00:00",422,6.733,259.4,7.301,6.268,5.401,4.721,2.797,12.82,1004,-7999,0
"2016-03-07 00:00:00",423,8.2,260.2,7.075,7.672,6.663,5.842,3.387,12.82,1004,-7999,0
"2016-03-07 01:00:00",424,8.11,260,7.129,7.573,6.565,5.729,3.388,12.81,1004,-7999,0
"2016-03-07 02:00:00",425,9.76,264.3,7.164,9.17,7.978,7.026,3.988,12.78,1004,-7999,0
"2016-03-07 03:00:00",426,10.51,261.5,8.88,9.84,8.58,7.531,4.378,12.78,1004,-7999,0
"2016-03-07 04:00:00",427,8.58,270.5,6.889,8.06,7.06,6.203,3.491,12.75,1004,-7999,0
"2016-03-07 05:00:00",428,8.21,267.3,7.824,7.694,6.687,5.862,3.381,12.74,1004,-7999,0
"2016-03-07 06:00:00",429,7.278,264.5,8.22,6.821,5.908,5.178,3.048,12.73,1004,-7999,0
"2016-03-07 07:00:00",430,7.924,268.5,7.548,7.44,6.496,5.688,3.28,12.75,1004,-7999,0
"2016-03-07 08:00:00",431,6.951,252.3,10.07,6.495,5.643,4.941,3.046,12.94,1004,-7999,0
"2016-03-07 09:00:00",432,8.33,263,7.918,7.844,6.838,6.005,3.468,13.31,1004,-7999,0
"2016-03-07 10:00:00",433,6.815,266,7.198,6.461,5.691,4.997,2.9,13.64,1004,-7999,0
"2016-03-07 11:00:00",434,5.563,233.5,9.97,5.311,4.728,4.16,2.657,13.54,1004,-7999,0
"2016-03-07 12:00:00",435,8.57,263.3,7.582,8.06,7.045,6.196,3.574,13.48,1004,-7999,0
"2016-03-07 13:00:00",436,8.38,254.1,8.49,7.858,6.851,6.012,3.667,14.37,1004,-7999,0
"2016-03-07 14:00:00",437,8.15,252,9.81,7.696,6.753,5.934,3.611,14.32,1004,-7999,0
"2016-03-07 15:00:00",438,7.45,259.4,8.61,7.063,6.211,5.503,3.23,13.94,1004,-7999,0
"2016-03-07 16:00:00",439,8.82,255.3,8.41,8.3,7.263,6.392,3.806,13.89,1004,-7999,0
"2016-03-07 17:00:00",440,9.35,260.7,8.08,8.84,7.769,6.832,3.979,13.9,1004,-7999,0
"2016-03-07 18:00:00",441,9.79,259.9,7.892,9.21,8.03,7.05,4.113,13.42,1004,-7999,0
"2016-03-07 19:00:00",442,9.42,257.8,7.768,8.8,7.659,6.77,3.981,12.91,1004,-7999,0
"2016-03-07 20:00:00",443,9.97,264,7.169,9.35,8.11,7.1,4.061,12.89,1004,-7999,0
"2016-03-07 21:00:00",444,9.01,276.3,6.749,8.44,7.395,6.507,3.744,12.86,1004,-7999,0
"2016-03-07 22:00:00",445,7.251,274.9,6.335,6.756,5.894,5.2,2.983,12.84,1004,-7999,0
"2016-03-07 23:00:00",446,6.349,277.7,6.942,5.934,5.15,4.517,2.662,12.82,1004,-7999,0
"2016-03-08 00:00:00",447,5.956,292.3,8.84,5.513,4.776,4.174,2.522,12.82,1004,-7999,0
"2016-03-08 01:00:00",448,2.886,356.4,9.11,2.641,2.25,1.848,1.152,12.79,1004,-7999,0
"2016-03-08 02:00:00",449,1.724,67.26,16.98,1.591,1.34,1.069,0.589,12.78,1004,-7999,0
"2016-03-08 03:00:00",450,1.948,102.9,16.16,1.71,1.344,1.066,0.459,12.75,1004,-7999,0
"2016-03-08 04:00:00",451,2.307,110.6,16.66,2.054,1.699,1.416,0.848,12.72,1004,-7999,0
"2016-03-08 05:00:00",452,1.97,118.5,16.71,1.801,1.486,1.196,0.629,12.68,1004,-7999,0
"2016-03-08 06:00:00",453,1.759,127.7,34.09,1.622,1.31,1.046,0.498,12.66,1004,-7999,0
"2016-03-08 07:00:00",454,1.684,106.2,14.71,1.587,1.38,1.167,0.655,12.74,1004,-7999,0
"2016-03-08 08:00:00",455,1.527,187.8,39.94,1.493,1.356,1.222,0.77,13.65,1004,-7999,0
"2016-03-08 09:00:00",456,4.451,314.4,8.35,4.256,3.848,3.398,2.293,14.23,1004,-7999,0
"2016-03-08 10:00:00",457,5.489,313.7,7.976,5.343,4.887,4.309,2.826,14.13,1004,-7999,0
"2016-03-08 11:00:00",458,6.29,308.7,8.1,6.041,5.431,4.771,3.093,13.76,1004,-7999,0
"2016-03-08 12:00:00",459,6.539,292.2,7.474,6.3,5.69,5.045,3.001,13.7,1004,-7999,0
"2016-03-08 13:00:00",460,5.351,279.6,8.52,5.184,4.734,4.22,2.533,13.69,1004,-7999,0
"2016-03-08 14:00:00",461,5.848,277.5,8.68,5.664,5.166,4.604,2.743,13.68,1004,-7999,0
"2016-03-08 15:00:00",462,6.154,290.2,7.873,5.901,5.364,4.775,2.847,13.71,1004,-7999,0
"2016-03-08 16:00:00",463,5.721,289.8,8.95,5.414,4.853,4.322,2.604,13.71,1004,-7999,0
"2016-03-08 17:00:00",464,4.737,293.5,8.17,4.414,3.893,3.454,2.133,13.72,1004,-7999,0
"2016-03-08 18:00:00",465,3.948,298.6,9.94,3.52,2.984,2.631,1.596,13.48,1004,-7999,0
"2016-03-08 19:00:00",466,3.697,286.4,8.39,3.283,2.727,2.352,1.4,12.94,1004,-7999,0
"2016-03-08 20:00:00",467,4.913,265.8,6.765,4.495,3.832,3.363,1.968,12.9,1004,-7999,0
"2016-03-08 21:00:00",468,6.167,278.7,6.835,5.686,4.887,4.29,2.537,12.89,1004,-7999,0
"2016-03-08 22:00:00",469,5.854,281,7.434,5.362,4.605,4.02,2.403,12.87,1004,-7999,0
"2016-03-08 23:00:00",470,6.347,292.1,7.254,5.794,4.996,4.365,2.557,12.86,1004,-7999,0
"2016-03-09 00:00:00",471,6.276,287.1,7.12,5.782,5.025,4.385,2.599,12.84,1004,-7999,0
"2016-03-09 01:00:00",472,5.301,300.3,8.01,4.845,4.159,3.615,2.216,12.81,1004,-7999,0
"2016-03-09 02:00:00",473,2.82,337.3,13,2.518,2.039,1.674,1.052,12.81,1004,-7999,0
"2016-03-09 03:00:00",474,2.806,315.4,30.51,2.615,2.191,1.809,1.158,12.79,1004,-7999,0
"2016-03-09 04:00:00",475,2.815,26.23,16.13,2.554,2.145,1.776,1.163,12.76,1004,-7999,0
"2016-03-09 05:00:00",476,1.976,122.3,13.13,1.737,1.422,1.163,0.637,12.74,1004,-7999,0
"2016-03-09 06:00:00",477,2.276,126,20.56,2.049,1.728,1.443,0.86,12.71,1004,-7999,0
"2016-03-09 07:00:00",478,2.67,144.2,9.54,2.481,2.212,1.957,1.479,12.77,1004,-7999,0
"2016-03-09 08:00:00",479,2.818,149.3,10.9,2.742,2.577,2.346,1.79,13.6,1004,-7999,0
"2016-03-09 09:00:00",480,2.183,228,15.37,2.135,1.998,1.831,1.328,14.17,1004,-7999,0
"2016-03-09 10:00:00",481,2.092,309.1,16.03,2.042,1.92,1.772,1.251,13.96,1004,-7999,0
"2016-03-09 11:00:00",482,3.029,281.3,11.14,2.988,2.789,2.556,1.625,13.49,1004,-7999,0
"2016-03-09 12:00:00",483,3.974,292.7,9.45,3.873,3.56,3.203,2.029,13.5,1004,-7999,0
"2016-03-09 13:00:00",484,2.884,326.1,14.94,2.845,2.682,2.446,1.788,13.51,1004,-7999,0
"2016-03-09 14:00:00",485,2.845,280.1,13.01,2.77,2.562,2.362,1.523,13.5,1004,-7999,0
"2016-03-09 15:00:00",486,3.23,265.8,13.58,3.132,2.893,2.63,1.681,13.5,1004,-7999,0
"2016-03-09 16:00:00",487,3.143,260.9,10.54,3.048,2.788,2.502,1.577,13.51,1004,-7999,0
"2016-03-09 17:00:00",488,1.619,291.5,19.47,1.58,1.442,1.309,0.812,13.57,1004,-7999,0
"2016-03-09 18:00:00",489,1.043,14.55,13.57,0.965,0.845,0.719,0.306,13.34,1004,-7999,0
"2016-03-09 19:00:00",490,1.018,87.1,17.23,1.035,1.025,0.699,0.206,12.94,1004,-7999,0
"2016-03-09 20:00:00",491,2.056,67.72,9.56,1.764,1.345,1.027,0.472,12.9,1004,-7999,0
"2016-03-09 21:00:00",492,1.348,10.05,19.16,1.141,0.868,0.621,0.067,12.88,1004,-7999,0
"2016-03-09 22:00:00",493,1.659,128.4,25.37,1.499,1.2,0.908,0.305,12.86,1004,-7999,0
"2016-03-09 23:00:00",494,1.157,163,21.3,1.021,0.806,0.712,0.187,12.83,1004,-7999,0
"2016-03-10 00:00:00",495,1.555,181.1,12.39,1.365,0.997,0.634,0.048,12.82,1004,-7999,0
"2016-03-10 01:00:00",496,1.617,138,42.2,1.424,1.129,0.855,0.253,12.8,1004,-7999,0
"2016-03-10 02:00:00",497,1.697,72.85,20.96,1.467,1.135,0.833,0.091,12.78,1004,-7999,0
"2016-03-10 03:00:00",498,2.048,141.4,42.28,1.83,1.496,1.16,0.542,12.76,1004,-7999,0
"2016-03-10 04:00:00",499,2.29,126.8,17.76,2.061,1.679,1.364,0.728,12.74,1004,-7999,0
"2016-03-10 05:00:00",500,2.514,172.5,12.63,2.256,1.885,1.604,1.071,12.72,1004,-7999,0
"2016-03-10 06:00:00",501,2.318,142.7,20.07,2.134,1.801,1.509,0.936,12.7,1004,-7999,0
"2016-03-10 07:00:00",502,2.07,131.8,17.35,1.895,1.625,1.388,0.82,12.77,1004,-7999,0
"2016-03-10 08:00:00",503,1.922,100,11.07,1.87,1.69,1.432,0.809,13.65,1004,-7999,0
"2016-03-10 09:00:00",504,1.998,134.3,16.94,1.959,1.842,1.677,1.206,14.09,1004,-7999,0
"2016-03-10 10:00:00",505,1.741,256.9,35.93,1.705,1.611,1.486,1.062,13.87,1004,-7999,0
"2016-03-10 11:00:00",506,2.153,260.8,24.13,2.115,1.954,1.812,1.226,13.37,1004,-7999,0
"2016-03-10 12:00:00",507,2.014,293.9,18.01,1.978,1.845,1.706,1.192,13.28,1004,-7999,0
"2016-03-10 13:00:00",508,2.608,290.3,12.81,2.551,2.376,2.195,1.47,13.3,1004,-7999,0
"2016-03-10 14:00:00",509,2.747,295.2,11.92,2.693,2.514,2.314,1.526,13.36,1004,-7999,0
"2016-03-10 15:00:00",510,2.609,296.3,11.94,2.559,2.388,2.184,1.449,13.43,1004,-7999,0
"2016-03-10 16:00:00",511,1.847,295.1,31.59,1.817,1.686,1.558,1.087,13.46,1004,-7999,0
"2016-03-10 17:00:00",512,1.742,296.5,10.61,1.698,1.581,1.445,0.906,13.48,1004,-7999,0
"2016-03-10 18:00:00",513,1.303,280.9,10.31,1.069,0.776,0.626,0.129,13.26,1004,-7999,0
"2016-03-10 19:00:00",514,1.647,45.83,11.43,1.425,1.126,0.853,0.215,12.93,1004,-7999,0
"2016-03-10 20:00:00",515,2.327,89.3,6.65,1.928,1.346,0.953,0.185,12.9,1004,-7999,0
"2016-03-10 21:00:00",516,2.358,103.9,8.58,2.004,1.533,1.172,0.481,12.87,1004,-7999,0
"2016-03-10 22:00:00",517,2.241,117.3,7.595,1.963,1.569,1.287,0.671,12.85,1004,-7999,0
"2016-03-10 23:00:00",518,2.332,112.5,6.143,1.949,1.461,1.127,0.377,12.82,1004,-7999,0
"2016-03-11 00:00:00",519,2.656,130.6,5.483,2.375,1.915,1.587,0.991,12.81,1004,-7999,0
"2016-03-11 01:00:00",520,3.127,167.7,4.919,2.888,2.479,2.139,1.59,12.8,1004,-7999,0
"2016-03-11 02:00:00",521,2.157,135.2,16.75,1.924,1.584,1.309,0.709,12.78,1004,-7999,0
"2016-03-11 03:00:00",522,2.332,135.1,12.75,2.113,1.743,1.477,0.954,12.76,1004,-7999,0
"2016-03-11 04:00:00",523,1.795,176.1,13.04,1.679,1.408,1.191,0.698,12.74,1004,-7999,0
"2016-03-11 05:00:00",524,1.865,136.4,10.12,1.682,1.35,1.114,0.529,12.73,1004,-7999,0
"2016-03-11 06:00:00",525,1.612,117.9,14.65,1.499,1.219,0.954,0.313,12.71,1004,-7999,0
"2016-03-11 07:00:00",526,2.64,118.3,7.753,2.428,2.068,1.772,1.068,12.76,1004,-7999,0
"2016-03-11 08:00:00",527,3.49,147.9,8.1,3.309,3.001,2.713,2.041,13.22,1004,-7999,0
"2016-03-11 09:00:00",528,3.357,140.1,7.693,3.282,3.052,2.759,2.058,14.05,1004,-7999,0
"2016-03-11 10:00:00",529,3.48,154,8.35,3.426,3.253,3.013,2.339,14.08,1004,-7999,0
"2016-03-11 11:00:00",530,2.643,153.3,12.5,2.597,2.471,2.29,1.816,13.9,1004,-7999,0
"2016-03-11 12:00:00",531,2.237,147.7,13.61,2.215,2.092,1.948,1.499,13.48,1004,-7999,0
"2016-03-11 13:00:00",532,2.694,147.1,40.52,2.641,2.458,2.276,1.701,13.43,1004,-7999,0
"2016-03-11 14:00:00",533,4.949,293.8,12.46,4.785,4.338,3.879,2.386,13.39,1004,-7999,0
"2016-03-11 15:00:00",534,7.105,274.6,9.79,6.787,6.051,5.369,3.105,13.49,1004,-7999,0
"2016-03-11 16:00:00",535,5.585,274.8,8.45,5.359,4.8,4.246,2.494,13.56,1004,-7999,0
"2016-03-11 17:00:00",536,7.801,242.8,9.99,7.341,6.443,5.609,3.596,13.66,1004,-7999,0
"2016-03-11 18:00:00",537,9.38,224,7.169,8.85,7.767,6.704,4.444,13.28,1004,-7999,0
"2016-03-11 19:00:00",538,11.05,243.8,8.07,10.39,9.11,7.956,4.823,12.92,1004,-7999,0
"2016-03-11 20:00:00",539,13.04,265.1,6.851,12.25,10.72,9.42,5.323,12.89,1004,-7999,0
"2016-03-11 21:00:00",540,11,262.3,7.126,10.3,8.96,7.858,4.545,12.86,1004,-7999,0
"2016-03-11 22:00:00",541,10.67,275.9,7.369,10,8.74,7.639,4.417,12.84,1004,-7999,0
"2016-03-11 23:00:00",542,8.36,272.4,6.359,7.836,6.837,6.021,3.448,12.82,1004,-7999,0
"2016-03-12 00:00:00",543,9.96,269.7,6.7,9.34,8.12,7.134,4.049,12.81,1004,-7999,0
"2016-03-12 01:00:00",544,9.94,259,7.131,9.28,8.06,7.055,4.172,12.79,1004,-7999,0
"2016-03-12 02:00:00",545,9.02,252.1,7.645,8.38,7.26,6.364,3.879,12.78,1004,-7999,0
"2016-03-12 03:00:00",546,7.905,256,7.63,7.381,6.427,5.64,3.408,12.77,1004,-7999,0
"2016-03-12 04:00:00",547,7.46,257.2,7.931,6.941,5.998,5.268,3.162,12.74,1004,-7999,0
"2016-03-12 05:00:00",548,4.784,298.9,16.62,4.451,3.829,3.339,2.013,12.73,1004,-7999,0
"2016-03-12 06:00:00",549,2.524,356.7,18.65,2.245,1.787,1.426,0.864,12.7,1004,-7999,0
"2016-03-12 07:00:00",550,1.491,111.1,33.69,1.323,1.076,0.884,0.4,12.8,1004,-7999,0
"2016-03-12 08:00:00",551,4.832,274.2,8.95,4.583,4.022,3.569,2.073,13.6,1004,-7999,0
"2016-03-12 09:00:00",552,4.421,285,12.65,4.233,3.804,3.379,2.101,14.19,1004,-7999,0
"2016-03-12 10:00:00",553,3.39,314,13.56,3.299,3.043,2.752,1.894,14.06,1004,-7999,0
"2016-03-12 11:00:00",554,2.862,330.5,16.91,2.809,2.632,2.414,1.772,13.6,1004,-7999,0
"2016-03-12 12:00:00",555,2.574,334.1,18.58,2.535,2.38,2.202,1.641,13.53,1004,-7999,0
"2016-03-12 13:00:00",556,2.353,342.2,31.44,2.327,2.208,2.039,1.553,13.5,1004,-7999,0
"2016-03-12 14:00:00",557,2.367,317.2,20.52,2.319,2.172,1.994,1.465,13.55,1004,-7999,0
"2016-03-12 15:00:00",558,2.629,295.8,18.57,2.553,2.379,2.163,1.481,13.61,1004,-7999,0
"2016-03-12 16:00:00",559,2.669,282,11.88,2.609,2.427,2.208,1.449,13.69,1004,-7999,0
"2016-03-12 17:00:00",560,2.584,304.6,11.52,2.513,2.326,2.101,1.446,13.71,1004,-7999,0
"2016-03-12 18:00:00",561,2.618,303.5,6.885,2.453,2.129,1.83,1.189,13.42,1004,-7999,0
"2016-03-12 19:00:00",562,2.096,216.4,17.83,1.956,1.695,1.439,0.955,12.92,1004,-7999,0
"2016-03-12 20:00:00",563,3.66,254,9.51,3.297,2.753,2.398,1.459,12.89,1004,-7999,0
"2016-03-12 21:00:00",564,5.663,270.9,8.63,5.266,4.55,3.989,2.292,12.87,1004,-7999,0
"2016-03-12 22:00:00",565,5.897,275,6.336,5.487,4.759,4.187,2.46,12.86,1004,-7999,0
"2016-03-12 23:00:00",566,6.66,287.1,6.824,6.167,5.359,4.696,2.804,12.83,1004,-7999,0
"2016-03-13 00:00:00",567,6.282,284.7,7.473,5.851,5.063,4.438,2.667,12.82,1004,-7999,0
"2016-03-13 01:00:00",568,5.662,290.8,7.155,5.241,4.542,3.957,2.414,12.82,1004,-7999,0
"2016-03-13 02:00:00",569,5.398,291.2,7.678,4.982,4.31,3.756,2.261,12.8,1004,-7999,0
"2016-03-13 03:00:00",570,5.292,303.6,7.625,4.833,4.138,3.594,2.228,12.78,1004,-7999,0
"2016-03-13 04:00:00",571,5.587,313.1,6.269,5.071,4.332,3.693,2.498,12.75,1004,-7999,0
"2016-03-13 05:00:00",572,5.515,316.2,6.095,5.033,4.272,3.649,2.491,12.74,1004,-7999,0
"2016-03-13 06:00:00",573,2.111,116.9,39.9,2.02,1.806,1.591,1.064,12.72,1004,-7999,0
"2016-03-13 07:00:00",574,4.317,305.6,9.39,3.938,3.383,2.926,1.891,12.82,1004,-7999,0
"2016-03-13 08:00:00",575,4.466,297.4,8.5,4.208,3.755,3.3,2.023,13.59,1004,-7999,0
"2016-03-13 09:00:00",576,3.469,308.9,11.43,3.356,3.061,2.732,1.804,14.15,1004,-7999,0
"2016-03-13 10:00:00",577,3.135,305.4,13.25,3.047,2.807,2.515,1.715,14.04,1004,-7999,0
"2016-03-13 11:00:00",578,2.444,311.1,17.08,2.387,2.241,2.047,1.497,13.54,1004,-7999,0
"2016-03-13 12:00:00",579,2.179,329.7,34.46,2.155,2.04,1.889,1.466,13.47,1004,-7999,0
"2016-03-13 13:00:00",580,1.568,130.9,55.2,1.562,1.479,1.39,1.11,13.44,1004,-7999,0
"2016-03-13 14:00:00",581,2.369,18.95,46.85,2.303,2.189,2.017,1.531,13.46,1004,-7999,0
"2016-03-13 15:00:00",582,2.215,122,23.2,2.133,1.996,1.812,1.328,13.48,1004,-7999,0
"2016-03-13 16:00:00",583,1.78,160.9,30.17,1.721,1.64,1.51,1.147,13.51,1004,-7999,0
"2016-03-13 17:00:00",584,3.588,286.9,10.13,3.424,3.096,2.742,1.748,13.59,1004,-7999,0
"2016-03-13 18:00:00",585,6.633,258,8.44,6.221,5.445,4.772,2.856,13.37,1004,-7999,0
"2016-03-13 19:00:00",586,6.958,257,7.196,6.484,5.647,4.951,2.99,12.92,1004,-7999,0
"2016-03-13 20:00:00",587,8.58,260.5,7.974,7.996,6.953,6.104,3.571,12.89,1004,-7999,0
"2016-03-13 21:00:00",588,7.574,262.3,6.73,7.077,6.169,5.403,3.146,12.87,1004,-7999,0
"2016-03-13 22:00:00",589,6.197,259,7.923,5.766,5.015,4.389,2.629,12.86,1004,-7999,0
"2016-03-13 23:00:00",590,6.575,266.4,6.578,6.141,5.368,4.682,2.714,12.83,1004,-7999,0
"2016-03-14 00:00:00",591,6.765,272.2,7.619,6.334,5.522,4.83,2.793,12.82,1004,-7999,0
"2016-03-14 01:00:00",592,5.981,274.4,7.049,5.581,4.88,4.276,2.505,12.82,1004,-7999,0
"2016-03-14 02:00:00",593,6.698,276.9,6.99,6.257,5.473,4.813,2.801,12.79,1004,-7999,0
"2016-03-14 03:00:00",594,7.126,279.6,6.443,6.629,5.785,5.069,2.948,12.78,1004,-7999,0
"2016-03-14 04:00:00",595,6.793,290.4,7.185,6.262,5.426,4.734,2.801,12.76,1004,-7999,0
"2016-03-14 05:00:00",596,6.372,296.1,7.143,5.857,5.066,4.432,2.637,12.74,1004,-7999,0
"2016-03-14 06:00:00",597,6.115,295.3,8.11,5.637,4.902,4.293,2.561,12.73,1004,-7999,0
"2016-03-14 07:00:00",598,5.536,289.7,7.71,5.128,4.48,3.937,2.357,12.84,1004,-7999,0
"2016-03-14 08:00:00",599,3.442,292,12.84,3.264,2.943,2.605,1.593,13.56,1004,-7999,0
"2016-03-14 09:00:00",600,4.234,284.2,9.23,4.068,3.666,3.249,1.99,14.07,1004,-7999,0
"2016-03-14 10:00:00",601,2.513,294.1,23,2.453,2.299,2.087,1.402,13.93,1004,-7999,0
"2016-03-14 11:00:00",602,2.247,342.9,16.89,2.213,2.107,1.957,1.515,13.45,1004,-7999,0
"2016-03-14 12:00:00",603,2.432,326.3,20.84,2.387,2.243,2.072,1.562,13.37,1004,-7999,0
"2016-03-14 13:00:00",604,2.563,310.5,19.92,2.5,2.343,2.126,1.515,13.37,1004,-7999,0
"2016-03-14 14:00:00",605,2.512,317.2,41,2.451,2.304,2.103,1.522,13.41,1004,-7999,0
"2016-03-14 15:00:00",606,1.876,332.2,32.15,1.846,1.749,1.609,1.239,13.45,1004,-7999,0
"2016-03-14 16:00:00",607,1.935,320.7,29.98,1.885,1.786,1.629,1.2,13.48,1004,-7999,0
"2016-03-14 17:00:00",608,1.827,282.6,19.29,1.776,1.648,1.478,0.979,13.53,1004,-7999,0
"2016-03-14 18:00:00",609,2.05,233.9,19.04,1.946,1.771,1.557,1.056,13.31,1004,-7999,0
"2016-03-14 19:00:00",610,2.705,239.9,8.81,2.395,1.964,1.634,1.033,12.92,1004,-7999,0
"2016-03-14 20:00:00",611,3.98,291.7,6.89,3.556,2.993,2.565,1.592,12.89,1004,-7999,0
"2016-03-14 21:00:00",612,3.99,309,6.546,3.578,3.037,2.591,1.69,12.87,1004,-7999,0
"2016-03-14 22:00:00",613,3.521,334.1,9.27,3.217,2.771,2.345,1.624,12.85,1004,-7999,0
"2016-03-14 23:00:00",614,3.301,313.8,12.51,2.97,2.497,2.108,1.373,12.82,1004,-7999,0
"2016-03-15 00:00:00",615,2.771,283.3,14.01,2.45,1.956,1.605,0.89,12.82,1004,-7999,0
"2016-03-15 01:00:00",616,1.398,65.59,39.79,1.377,1.145,0.823,0.267,12.81,1004,-7999,0
"2016-03-15 02:00:00",617,1.699,107.1,8.25,1.534,1.198,0.874,0.141,12.79,1004,-7999,0
"2016-03-15 03:00:00",618,2.363,114.3,8.04,2.113,1.795,1.495,0.922,12.77,1004,-7999,0
"2016-03-15 04:00:00",619,2.192,109.9,12.46,1.973,1.627,1.29,0.629,12.74,1004,-7999,0
"2016-03-15 05:00:00",620,2.236,90.6,7.613,2.013,1.641,1.275,0.522,12.72,1004,-7999,0
"2016-03-15 06:00:00",621,1.686,83.9,8.85,1.458,1.105,0.842,0.305,12.71,1004,-7999,0
"2016-03-15 07:00:00",622,2.344,117.5,10.03,2.201,1.976,1.661,1.136,12.83,1004,-7999,0
"2016-03-15 08:00:00",623,2.431,152.1,9.24,2.382,2.274,2.089,1.668,13.66,1004,-7999,0
"2016-03-15 09:00:00",624,2.387,224.3,15.94,2.315,2.162,1.956,1.367,14.11,1004,-7999,0
"2016-03-15 10:00:00",625,2.249,297.8,16.63,2.206,2.061,1.877,1.242,13.94,1004,-7999,0
"2016-03-15 11:00:00",626,1.795,292.8,37.01,1.768,1.678,1.555,1.079,13.39,1004,-7999,0
"2016-03-15 12:00:00",627,2.853,303.3,11.1,2.813,2.658,2.426,1.641,13.37,1004,-7999,0
"2016-03-15 13:00:00",628,2.813,315.9,11.63,2.754,2.601,2.356,1.691,13.41,1004,-7999,0
"2016-03-15 14:00:00",629,3.096,293.2,11.56,3.022,2.816,2.546,1.668,13.42,1004,-7999,0
"2016-03-15 15:00:00",630,3.219,300.2,9.4,3.146,2.926,2.625,1.719,13.46,1004,-7999,0
"2016-03-15 16:00:00",631,3.175,290.5,8.87,3.114,2.914,2.607,1.619,13.5,1004,-7999,0
"2016-03-15 17:00:00",632,2.933,269.1,6.78,2.869,2.635,2.347,1.414,13.54,1004,-7999,0
"2016-03-15 18:00:00",633,2.175,278.3,12.86,1.973,1.702,1.492,0.802,13.37,1004,-7999,0
"2016-03-15 19:00:00",634,2.333,35.14,9.56,2.029,1.613,1.289,0.696,12.93,1004,-7999,0
"2016-03-15 20:00:00",635,2.462,47.98,8.04,2.141,1.749,1.413,0.778,12.89,1004,-7999,0
"2016-03-15 21:00:00",636,2.682,62.24,3.9,2.233,1.712,1.293,0.527,12.88,1004,-7999,0
"2016-03-15 22:00:00",637,2.807,67.32,4.95,2.343,1.826,1.42,0.733,12.85,1004,-7999,0
"2016-03-15 23:00:00",638,2.881,62.6,5.009,2.408,1.888,1.457,0.824,12.82,1004,-7999,0
"2016-03-16 00:00:00",639,1.828,104.9,20.52,1.589,1.229,0.926,0.285,12.82,1004,-7999,0
"2016-03-16 01:00:00",640,1.735,232.9,15.98,1.608,1.33,1.037,0.129,12.8,1004,-7999,0
"2016-03-16 02:00:00",641,1.274,214.8,29.73,1.042,0.87,0.538,0.044,12.78,1004,-7999,0
"2016-03-16 03:00:00",642,1.549,163.5,19.01,1.449,1.207,0.779,0.067,12.76,1004,-7999,0
"2016-03-16 04:00:00",643,1.533,156.5,19.51,1.502,1.258,0.937,0.077,12.74,1004,-7999,0
"2016-03-16 05:00:00",644,1.743,136,19.91,1.63,1.255,0.857,0.102,12.72,1004,-7999,0
"2016-03-16 06:00:00",645,2.176,141.6,11.15,1.996,1.655,1.313,0.622,12.7,1004,-7999,0
"2016-03-16 07:00:00",646,2.129,124.1,7.99,1.977,1.741,1.481,0.932,12.82,1004,-7999,0
"2016-03-16 08:00:00",647,2.3,148.7,10.46,2.254,2.143,1.953,1.471,13.66,1004,-7999,0
"2016-03-16 09:00:00",648,2.602,189.6,10.7,2.562,2.435,2.231,1.646,14.08,1004,-7999,0
"2016-03-16 10:00:00",649,2.929,224.3,8.87,2.879,2.685,2.405,1.677,13.88,1004,-7999,0
"2016-03-16 11:00:00",650,2.746,250.6,13.8,2.681,2.5,2.284,1.522,13.36,1004,-7999,0
"2016-03-16 12:00:00",651,2.853,285.4,11.25,2.8,2.619,2.383,1.507,13.32,1004,-7999,0
"2016-03-16 13:00:00",652,3.523,278.2,9.34,3.443,3.17,2.853,1.737,13.36,1004,-7999,0
"2016-03-16 14:00:00",653,4.363,245.7,9.38,4.196,3.811,3.369,2.117,13.37,1004,-7999,0
"2016-03-16 15:00:00",654,4.14,251.7,9.32,3.97,3.548,3.163,1.936,13.39,1004,-7999,0
"2016-03-16 16:00:00",655,3.78,250.2,8.08,3.634,3.278,2.9,1.786,13.43,1004,-7999,0
"2016-03-16 17:00:00",656,3.115,242.4,8.19,2.983,2.672,2.368,1.501,13.46,1004,-7999,0
"2016-03-16 18:00:00",657,2.201,260.3,5.017,1.897,1.506,1.235,0.518,13.32,1004,-7999,0
"2016-03-16 19:00:00",658,1.342,48.38,6.144,1.177,1,0.733,0.132,12.94,1004,-7999,0
"2016-03-16 20:00:00",659,2.195,61.4,6.35,1.83,1.392,0.993,0.278,12.9,1004,-7999,0
"2016-03-16 21:00:00",660,2.133,93.5,13.53,1.851,1.428,1.057,0.219,12.87,1004,-7999,0
"2016-03-16 22:00:00",661,2.094,152.5,5.564,1.91,1.534,1.17,0.374,12.85,1004,-7999,0
"2016-03-16 23:00:00",662,1.376,141.9,21.19,1.197,0.798,0.424,0.022,12.82,1004,-7999,0
"2016-03-17 00:00:00",663,1.66,124.1,6.905,1.5,1.244,0.711,0.021,12.82,1004,-7999,0
"2016-03-17 01:00:00",664,1.557,149.1,10.05,1.392,1.136,0.674,0.002,12.79,1004,-7999,0
"2016-03-17 02:00:00",665,1.124,185.4,16.67,0.965,0.718,0.434,0.01,12.78,1004,-7999,0
"2016-03-17 03:00:00",666,1.952,148.3,32.22,1.712,1.363,0.935,0.182,12.75,1004,-7999,0
"2016-03-17 04:00:00",667,2.128,156,9.98,2.001,1.699,1.248,0.249,12.74,1004,-7999,0
"2016-03-17 05:00:00",668,2.292,119.5,4.922,2.094,1.664,1.262,0.434,12.71,1004,-7999,0
"2016-03-17 06:00:00",669,2.201,126.5,9.17,1.971,1.617,1.291,0.564,12.7,1004,-7999,0
